gen,best_fitness,mean_fitness,evals,time_sec
0,335.16167688732094,635.9733304558885,60,0.0018162727355957031
1,277.99938242803773,496.57643392341663,240,0.03418993949890137
2,263.33618267503056,420.99388206548235,420,0.06599307060241699
3,214.5547628407455,347.5100540812969,600,0.09779715538024902
4,150.02023930597147,279.55652823752536,780,0.12964868545532227
5,106.55957215157459,203.89056673254237,960,0.16025590896606445
6,106.55957215157459,163.61985428965374,1140,0.19131135940551758
7,72.94700907930714,136.86717269820548,1320,0.22373628616333008
8,71.33492796682538,109.30121987969976,1500,0.2548809051513672
9,43.53170727724013,86.54435401675997,1680,0.2868790626525879
10,36.9765958735616,72.79693958297385,1860,0.3195767402648926
11,35.95985411531762,58.93986577508446,2040,0.35121893882751465
12,29.133127337949134,51.26834918277949,2220,0.38265156745910645
13,26.589366904948157,40.71256399168507,2400,0.41420483589172363
14,22.696192994806957,35.27124256150681,2580,0.444812536239624
15,19.837539334384104,30.643125401089655,2760,0.47702622413635254
16,15.474714347954828,26.609686436264948,2940,0.5124564170837402
17,13.860325594918713,23.720442002571726,3120,0.5431511402130127
18,13.860325594918713,21.431680588149643,3300,0.5751378536224365
19,13.860325594918713,19.426090771799917,3477,0.6068267822265625
20,12.866704920633607,18.033737982708175,3654,0.6363935470581055
21,12.866704920633607,16.65445380498951,3831,0.6670799255371094
22,12.866704920633607,15.933628612621668,4008,0.6980483531951904
23,12.866704920633607,15.263137077014397,4185,0.7297458648681641
24,12.10980330296289,14.311183249103642,4362,0.7608487606048584
25,12.074934976446677,13.635451580556119,4539,0.7918331623077393
26,11.802649192312181,13.19329070330426,4716,0.8227255344390869
27,11.212921273863879,12.69900091342472,4893,0.8533246517181396
28,11.212921273863879,12.337071482166753,5070,0.8837523460388184
29,11.009443956456765,11.918158027678604,5247,0.9148273468017578
30,10.991755473362883,11.543020956053683,5424,0.9444832801818848
31,10.790227082320307,11.303824795284386,5601,0.9742474555969238
32,10.578628115364015,11.048195932499292,5778,1.0065345764160156
33,10.453752853376928,10.86486293919721,5955,1.039351224899292
34,10.291070737949703,10.699492645425002,6132,1.0696403980255127
35,10.249028681385889,10.554346028190997,6309,1.1009738445281982
36,10.1286899287367,10.429604429523378,6486,1.1324419975280762
37,10.071854613132315,10.31954226553357,6663,1.1663010120391846
38,10.071854613132315,10.218764004932705,6840,1.197829008102417
39,10.031116182410742,10.145230770732883,7017,1.2286012172698975
40,9.993806651985171,10.086865343650151,7194,1.2594215869903564
41,9.978210988263532,10.046748795953475,7371,1.2898085117340088
42,9.916916772905264,10.011129494931184,7548,1.3207204341888428
43,9.916916772905264,9.982978186627708,7725,1.3501198291778564
44,9.916916772905264,9.961708041553802,7902,1.381805181503296
45,9.91152884868891,9.944951614734661,8079,1.4134047031402588
46,9.908787100612056,9.930278988858225,8256,1.443756103515625
47,9.895352596361153,9.919113044274642,8433,1.4750175476074219
48,9.895352596361153,9.911550004699285,8610,1.5338385105133057
49,9.893466438673363,9.904148464436677,8787,1.6038870811462402
50,9.886687824717795,9.897450422303285,8964,1.6355762481689453
51,9.885823348320232,9.89193366755618,9141,1.6665294170379639
52,9.879838422422443,9.887996447067005,9318,1.6967108249664307
53,9.878699272393817,9.88429224229228,9495,1.729867696762085
54,9.87766491905712,9.88159247403044,9669,1.7604315280914307
55,9.876667375403045,9.879624747884755,9843,1.7894949913024902
56,9.87561409365193,9.878087307031047,10017,1.8198246955871582
57,9.874625861975813,9.87678046260413,10191,1.8502256870269775
58,9.873724359126046,9.875768429355045,10365,1.8815014362335205
59,9.871989860374033,9.874948054981745,10539,1.9116020202636719
60,9.871989860374033,9.874042019757065,10713,1.9420135021209717
61,9.87159484659359,9.87332227061339,10887,1.9717113971710205
62,9.87159484659359,9.872732679733337,11061,2.0033321380615234
63,9.87159484659359,9.872277170270518,11235,2.03302264213562
64,9.871398543106652,9.871918643157263,11409,2.068025588989258
65,9.871218312769237,9.871649061799745,11583,2.0979950428009033
66,9.871034115666843,9.871409740263463,11757,2.131249189376831
67,9.870868608688976,9.871216165439472,11931,2.161306619644165
68,9.870860226614935,9.87106542419956,12105,2.192376136779785
69,9.870667609016337,9.870930682952105,12279,2.222248077392578
70,9.870667609016337,9.870838052227324,12453,2.253211259841919
71,9.87062903228358,9.870754082183634,12627,2.2851409912109375
72,9.870512275408299,9.87067633100257,12801,2.315589189529419
73,9.870452238598283,9.870594187177648,12975,2.346357822418213
74,9.870357658722124,9.870535348806483,13149,2.3774213790893555
75,9.870357658722124,9.870472123460088,13323,2.4070096015930176
76,9.870347920551685,9.870426237031266,13497,2.43733549118042
77,9.8703113010343,9.870385538873695,13671,2.468541145324707
78,9.870300529605098,9.870356437424695,13845,2.502645492553711
79,9.870288815769934,9.870327612076881,14019,2.534313917160034
80,9.870273068345034,9.870304880476796,14193,2.566679000854492
81,9.87026793884675,9.870290668451048,14367,2.5971884727478027
82,9.870252085124667,9.870276562170385,14541,2.6258811950683594
83,9.870250042788793,9.870267350450872,14715,2.658923625946045
84,9.870245505416252,9.870260309379152,14889,2.687744140625
85,9.870240551288077,9.870252915889663,15063,2.717522144317627
86,9.870235586790063,9.870246651733238,15237,2.74704647064209
87,9.870232467245147,9.870241005789019,15411,2.7783241271972656
88,9.870229645170332,9.870236455687934,15585,2.8082003593444824
89,9.870223706865636,9.870232337450943,15759,2.839146137237549
90,9.8702190609871,9.870228096092687,15930,2.868041515350342
91,9.870215211515646,9.870224059708882,16101,2.8984739780426025
92,9.87021426993329,9.870220979244419,16272,2.9299721717834473
93,9.870212956730011,9.870218325805139,16443,2.9600982666015625
94,9.870210782398177,9.870215755241729,16614,2.990018844604492
95,9.87020963447171,9.870213333033792,16785,3.019577741622925
96,9.870208998026136,9.870211595650895,16956,3.048428773880005
97,9.870206949226661,9.870210110684882,17127,3.0783538818359375
98,9.870206949226661,9.870208860875229,17298,3.107954740524292
99,9.870206025884503,9.870207871992793,17469,3.1363255977630615
100,9.87020554352109,9.870206970909672,17640,3.1656816005706787
101,9.870204973390052,9.8702062064696,17811,3.1970365047454834
102,9.870204429073562,9.870205562329868,17982,3.2274186611175537
103,9.87020420933049,9.870205044160192,18153,3.2564852237701416
104,9.87020337087233,9.870204620146547,18324,3.2864177227020264
105,9.87020337087233,9.870204180058225,18495,3.3159656524658203
106,9.870203044296533,9.870203769511882,18666,3.3469064235687256
107,9.870202664191325,9.870203379512226,18837,3.3755009174346924
108,9.870202599513366,9.870203108328962,19008,3.4049103260040283
109,9.870202256973124,9.87020285691166,19179,3.4326822757720947
110,9.870202091358706,9.870202586517335,19350,3.4644906520843506
111,9.870202005189585,9.870202385445104,19521,3.4956629276275635
112,9.870201921138857,9.870202218564328,19692,3.525609254837036
113,9.870201916908018,9.870202107979761,19863,3.5556414127349854
114,9.870201746342708,9.870202012712735,20034,3.588242530822754
115,9.87020172103735,57.86761588750349,20210,3.6171531677246094
116,9.870201636203717,51.08990505240412,20386,3.647416114807129
117,9.8702016160706,11.237441309028885,20557,3.6770784854888916
118,9.870201518335023,70.02928995224183,20733,3.7079074382781982
119,9.870201476002984,58.89219942566747,20909,3.737793445587158
120,9.870201448357717,13.546820790046837,21080,3.7685348987579346
121,9.870201412071278,55.58760918250204,21256,3.7986667156219482
122,9.870201412071278,61.70152671618854,21432,3.8304708003997803
123,9.870201342532859,17.013488227078113,21603,3.8607773780822754
124,9.870201342532859,60.62008483663711,21779,3.891970157623291
125,9.870201320186863,12.18508860937787,21950,3.9211134910583496
126,9.870201299479683,60.93272495001927,22123,3.9497785568237305
127,9.870201294250938,64.97549820880992,22296,3.981396436691284
128,9.870201275024291,14.146976949857594,22464,4.011725664138794
129,9.870201266767017,62.388908294458524,22637,4.042758941650391
130,9.870201254663513,14.73986839302606,22805,4.072439193725586
131,9.870201237822533,74.43855884885367,22978,4.102439880371094
132,9.870201230166057,67.58946583855744,23151,4.133209705352783
133,9.870201230166057,13.572700147675729,23319,4.16228175163269
134,9.870201215624974,71.06942445597241,23492,4.191582441329956
135,9.8702012136409,69.39844486543214,23665,4.223054885864258
136,9.870201201151872,12.647850155895116,23833,4.25455904006958
137,9.87020119723402,65.54899386841419,24006,4.283715486526489
138,9.870201191162934,76.71118411397904,24179,4.312709093093872
139,9.870201191162934,14.644776570348169,24347,4.341400384902954
140,9.870201189937172,63.54306953781464,24520,4.371852397918701
141,9.870201183875597,14.05741878232973,24688,4.404512405395508
142,9.87020118312314,67.382608864781,24861,4.433729648590088
143,9.870201181918778,15.570079031510017,25029,4.4652626514434814
144,9.870201178802168,62.71257460682557,25202,4.496269226074219
145,9.870201177046988,72.32883982093009,25375,4.52901291847229
146,9.870201176620105,14.103877350545478,25543,4.560143947601318
147,9.870201176528173,67.99665228747956,25716,4.593689441680908
148,9.87020117504402,66.64308868687361,25889,4.62470269203186
149,9.87020117484617,62.19000834956321,26062,4.6546080112457275
150,9.870201174306262,11.427826955854746,26230,4.683960914611816
151,9.870201173727155,63.343833838919984,26403,4.7140398025512695
152,9.870201173224123,15.5997502194061,26571,4.743866443634033
153,9.870201173009722,66.16139912534028,26744,4.774739027023315
154,9.870201172498922,11.573349858683054,26912,4.805176258087158
155,9.870201172293982,66.33531795254268,27085,4.8375244140625
156,9.870201172293982,60.6121236154276,27258,4.867908477783203
157,9.870201172173841,13.523840845276547,27426,4.898730039596558
158,9.870201171947695,66.09190064812226,27599,4.928692817687988
159,9.870201171719815,58.00370006829678,27772,4.960103273391724
160,9.870201171654118,14.631583064865428,27940,4.989293813705444
161,9.870201171423652,10.060938371291149,28108,5.017660617828369
162,9.870201171390379,65.9048716946088,28281,5.047072410583496
163,9.87020117112088,11.764190158537478,28446,5.074846029281616
164,9.87020117112088,62.53123336379684,28616,5.103500604629517
165,9.87020117105456,11.377445481114439,28781,5.131962776184082
166,9.870201171022325,64.40317715004184,28951,5.159809112548828
167,9.870201170804005,11.293079456962202,29116,5.188176155090332
168,9.870201170755218,70.44789813616478,29286,5.219120025634766
169,9.870201170658351,12.761605671091555,29451,5.249086141586304
170,9.87020117058014,65.81554835110369,29621,5.277537822723389
171,9.87020117053481,12.440857720555789,29786,5.305207014083862
172,9.870201170492614,61.99308300706104,29956,5.334428071975708
173,9.870201170468238,11.077116515247637,30121,5.362511396408081
174,9.870201170450983,65.27453188786663,30291,5.391372442245483
175,9.870201170434902,13.428356158883805,30456,5.420273780822754
176,9.870201170421524,54.2108933623057,30625,5.447330474853516
177,9.870201170389603,10.853890948425327,30790,5.47757363319397
178,9.870201170389603,59.86317871049314,30959,5.50756573677063
179,9.870201170360135,11.223375332381579,31124,5.535979986190796
180,9.870201170345116,50.22169115314186,31293,5.567126274108887
181,9.870201170345116,55.9214309384694,31462,5.596183776855469
182,9.87020117032557,48.12679146997371,31631,5.624930381774902
183,9.870201170321181,53.399003360180394,31800,5.653626918792725
184,9.87020117031033,52.183517375391105,31969,5.683848142623901
185,9.87020117031033,50.070044853988534,32138,5.714049339294434
186,9.870201170304657,63.931904725227085,32307,5.743080377578735
187,9.87020117029849,49.54590632158085,32476,5.771514654159546
188,9.870201170296516,11.105515824078653,32641,5.799545764923096
189,9.870201170295518,46.46947154959802,32810,5.827935457229614
190,9.870201170284666,50.83775234038794,32979,5.856407403945923
191,9.870201170279396,13.190910095506487,33144,5.886397838592529
192,9.870201170279396,61.02534150150063,33313,5.917702913284302
193,9.870201170275113,11.56770974619275,33478,5.945134162902832
194,9.870201170271221,57.47372047704377,33647,5.973253011703491
195,9.870201170270647,11.917463181373442,33812,6.0007171630859375
196,9.870201170267439,53.22642501038849,33981,6.028975486755371
197,9.870201170267439,11.675861417810019,34146,6.0581138134002686
198,9.870201170265792,54.58861318191329,34315,6.087325572967529
199,9.870201170265156,57.86818976087639,34484,6.115381956100464
200,9.87020117026384,64.84768046167764,34650,6.143108606338501
201,9.870201170261788,11.671882246141067,34812,6.170058727264404
202,9.870201170258987,51.73780173118599,34978,6.198060989379883
203,9.87020117025886,60.13251820062977,35144,6.226294040679932
204,9.870201170257554,12.554113675305155,35306,6.252887964248657
205,9.870201170254338,52.702448532385226,35472,6.280943393707275
206,9.870201170253804,56.52971952974789,35638,6.308357238769531
207,9.870201170251372,54.23974110609715,35804,6.336958885192871
208,9.870201170251168,11.428727850766892,35966,6.365467071533203
209,9.870201170250406,60.86041890766338,36132,6.3934972286224365
210,9.870201170249018,57.94272027844963,36298,6.422441244125366
211,9.870201170247768,63.47064621317169,36464,6.450222015380859
212,9.87020117024652,11.231098149222586,36626,6.483222484588623
213,9.87020117024608,54.0938148469401,36792,6.512017726898193
214,9.870201170245096,62.29068373401492,36958,6.540100812911987
215,9.870201170244982,56.300301588218,37124,6.569032669067383
216,9.870201170244345,49.45843569613786,37290,6.596881628036499
217,9.87020117024404,11.364541675421034,37452,6.625368118286133
218,9.870201170243737,47.872242882940874,37618,6.653351783752441
219,9.870201170243229,11.589963838849634,37780,6.682899713516235
220,9.87020117024308,58.155716388842166,37946,6.712147951126099
221,9.87020117024299,12.336065605027123,38108,6.741236209869385
222,9.870201170242245,57.88092450367383,38274,6.769437074661255
223,9.8702011702421,54.45081478973198,38440,6.797685861587524
224,9.870201170241819,11.247485075588372,38602,6.823514461517334
225,9.870201170241481,49.23964825993634,38768,6.851930856704712
226,9.870201170241229,51.467801411472955,38934,6.87966251373291
227,9.870201170241026,11.601802702557825,39096,6.907890558242798
228,9.87020117024085,57.43491890424963,39262,6.937486886978149
229,9.870201170240547,12.227508262019839,39424,6.964823961257935
230,9.870201170240547,50.187789735392776,39590,6.991548299789429
231,9.870201170240453,51.49845699702031,39756,7.019813776016235
232,9.87020117024035,11.966428132013641,39918,7.047488212585449
233,9.870201170240279,53.70238008927391,40084,7.074629545211792
234,9.870201170240183,11.678037933974892,40246,7.101197719573975
235,9.870201170240117,56.47649631893176,40412,7.132386922836304
236,9.870201170240044,11.785649964905543,40574,7.161443471908569
237,9.870201170239971,68.60746360304586,40740,7.188080787658691
238,9.870201170239865,57.524022831049244,40903,7.215400695800781
239,9.870201170239856,68.01280750959795,41066,7.24309229850769
240,9.870201170239767,54.22816978908687,41229,7.273127794265747
241,9.870201170239746,49.92145938669963,41392,7.300468683242798
242,9.870201170239678,11.929302439694238,41551,7.3285956382751465
243,9.870201170239648,54.411470199059,41714,7.358158111572266
244,9.870201170239648,57.650815169089846,41877,7.385956764221191
245,9.87020117023956,13.463871367731793,42036,7.415740966796875
246,9.870201170239534,66.30867004395535,42199,7.443553924560547
247,9.870201170239506,11.012656097095713,42358,7.471147298812866
248,9.870201170239458,53.44925631854126,42521,7.502337694168091
249,9.870201170239454,59.41685566195454,42684,7.528913736343384
250,9.87020117023942,11.586280131120983,42843,7.558771848678589
251,9.870201170239387,53.700350829251065,43006,7.588979959487915
252,9.870201170239364,11.637760183440314,43165,7.616560697555542
253,9.870201170239318,58.18473296153348,43328,7.644737005233765
254,9.870201170239298,11.597538785684211,43487,7.671576738357544
255,9.870201170239259,55.585972821889975,43650,7.698441028594971
256,9.870201170239248,54.5627361119639,43813,7.724788427352905
257,9.870201170239222,12.766561203343496,43972,7.75232720375061
258,9.870201170239207,57.85598322458049,44135,7.781496047973633
259,9.870201170239191,55.187580743104526,44298,7.807981491088867
260,9.87020117023916,50.30028525016029,44461,7.836427211761475
261,9.870201170239133,12.692134929789486,44620,7.864733695983887
262,9.870201170239131,59.79871402981544,44783,7.891730785369873
263,9.87020117023912,10.992897060252714,44942,7.918680191040039
264,9.870201170239095,57.880194395700805,45105,7.9476213455200195
265,9.870201170239095,63.39282676654777,45268,7.975537538528442
266,9.870201170239083,11.541268223777228,45427,8.001838445663452
267,9.870201170239078,50.75305599139079,45590,8.028421878814697
268,9.870201170239067,10.893158101247016,45749,8.057215929031372
269,9.870201170239033,62.604934334829856,45912,8.083375692367554
270,9.87020117023903,13.869315180756498,46071,8.110711336135864
271,9.870201170239019,58.18370263778776,46234,8.138004541397095
272,9.870201170239019,68.79782271022155,46397,8.165709257125854
273,9.870201170239012,11.346869269177658,46556,8.192826509475708
274,9.870201170238998,53.22645817868018,46719,8.220701694488525
275,9.870201170238989,53.68227648816889,46882,8.250019073486328
276,9.870201170238984,57.34508787104465,47042,8.275165557861328
277,9.870201170238968,61.28044475768421,47202,8.302509784698486
278,9.870201170238957,59.04600201245246,47362,8.328863620758057
279,9.870201170238946,11.300014774006659,47518,8.356468200683594
280,9.870201170238943,61.28325180791619,47678,8.385545492172241
281,9.870201170238932,12.352445384412398,47834,8.412452220916748
282,9.870201170238921,51.83614914121032,47994,8.440446138381958
283,9.870201170238913,11.056347521673652,48150,8.467292547225952
284,9.870201170238902,55.58127944356127,48310,8.495425939559937
285,9.870201170238897,56.52007439095514,48470,8.52409553527832
286,9.870201170238891,11.12738870821062,48626,8.551881313323975
287,9.870201170238873,56.37244663179995,48786,8.580792665481567
288,9.870201170238865,50.40973002319497,48946,8.60932469367981
289,9.870201170238861,52.95975611342472,49106,8.637308597564697
290,9.870201170238849,57.57639648026861,49266,8.664811134338379
291,9.870201170238847,12.870098798647186,49422,8.691874265670776
292,9.870201170238847,55.08821676506497,49582,8.719775676727295
293,9.870201170238843,10.644490781806354,49738,8.747151613235474
294,9.870201170238838,62.5955798702289,49898,8.773730278015137
295,9.870201170238836,11.46789272448952,50054,8.800371885299683
296,9.870201170238833,60.03405386518007,50214,8.828157901763916
297,9.87020117023883,12.205177756980342,50370,8.854743242263794
298,9.870201170238825,58.147084848289786,50530,8.881895303726196
299,9.870201170238822,61.13789289233687,50690,8.909047603607178
300,9.87020117023882,61.0621011354904,50850,8.93520975112915
301,9.87020117023882,62.68654640786808,51010,8.962939262390137
302,9.870201170238815,56.94059326954595,51170,8.989189863204956
303,9.870201170238813,60.4295272425104,51330,9.016435146331787
304,9.870201170238811,11.468912005642396,51486,9.043614864349365
305,9.870201170238806,67.82258818392408,51646,9.069960832595825
306,9.870201170238806,11.064034157953955,51802,9.096102237701416
307,9.8702011702388,52.17989712866233,51962,9.12145447731018
308,9.870201170238795,10.892425176714228,52118,9.150178909301758
309,9.870201170238788,57.55845709968055,52278,9.177142143249512
310,9.870201170238788,10.825302374855811,52434,9.203055381774902
311,9.870201170238783,65.20403460169629,52594,9.229104280471802
312,9.870201170238781,10.940282629894487,52750,9.255589723587036
313,9.870201170238778,58.83309411669581,52910,9.282466650009155
314,9.870201170238772,10.934638928620016,53066,9.310318231582642
315,9.870201170238772,55.17954189533269,53226,9.336768388748169
316,9.870201170238767,11.109173303590227,53379,9.361764907836914
317,9.870201170238765,62.8938249722419,53536,9.388942241668701
318,9.870201170238763,64.49176479438802,53693,9.415210008621216
319,9.870201170238763,64.69958101631785,53850,9.440907001495361
320,9.870201170238758,60.074457917225914,54007,9.466854333877563
321,9.870201170238758,11.507575626724456,54160,9.493497371673584
322,9.870201170238756,59.36338168719519,54317,9.520796537399292
323,9.870201170238754,15.251713386189337,54470,9.548760414123535
324,9.87020117023875,66.90275727190036,54627,9.577890157699585
325,9.870201170238746,11.31081634235328,54780,9.60835075378418
326,9.870201170238742,63.486223582864916,54937,9.637197732925415
327,9.870201170238738,10.995838192598562,55090,9.663891077041626
328,9.870201170238738,66.64601841912014,55247,9.691614627838135
329,9.870201170238737,62.97274771395901,55404,9.7205650806427
330,9.870201170238735,16.123051963767065,55557,9.746816396713257
331,9.870201170238728,50.2574736133836,55714,9.773954629898071
332,9.870201170238728,11.033748751495375,55867,9.801188468933105
333,9.870201170238722,61.06567408787064,56024,9.82877254486084
334,9.870201170238719,56.98441481391468,56181,9.854812860488892
335,9.870201170238719,58.028153728508386,56338,9.882227182388306
336,9.870201170238719,62.65529606934664,56495,9.907408237457275
337,9.870201170238715,11.057669211965834,56648,9.933423519134521
338,9.870201170238714,57.886387228995176,56805,9.959810972213745
339,9.870201170238714,62.424288487968276,56962,9.986946105957031
340,9.870201170238712,56.31364509772185,57119,10.0164213180542
341,9.870201170238712,54.944904391615765,57275,10.045135736465454
342,9.87020117023871,39.05523789153098,57431,10.074196338653564
343,9.870201170238708,48.80241878321842,57587,10.101899147033691
344,9.870201170238708,44.56510571200137,57743,10.128570079803467
345,9.870201170238706,10.983408807010719,57896,10.153767824172974
346,9.870201170238706,48.73544771888715,58052,10.179940223693848
347,9.870201170238703,41.32552955188538,58208,10.20637559890747
348,9.870201170238703,10.878618759929974,58361,10.23388385772705
349,9.870201170238701,52.03375816653155,58517,10.262176513671875
350,9.870201170238698,42.763720496983424,58673,10.289727449417114
351,9.870201170238698,40.25124275492926,58829,10.315417051315308
352,9.870201170238694,10.944083926036395,58982,10.34190583229065
353,9.579300253601517,9.864497230696793,59135,10.367587566375732
354,8.367812445072792,9.466979130713938,59288,10.393503427505493
355,8.263780533904495,8.44204920410077,59441,10.419996500015259
356,8.263091470117287,8.286625018742857,59591,10.445642948150635
357,8.263091470117287,8.266629727636694,59741,10.471891641616821
358,8.263091357621764,8.263565209589528,59891,10.500288248062134
359,8.263090971490422,8.263158442725956,60041,10.525689601898193
360,8.263090915552167,8.263096491353279,60191,10.550591230392456
361,8.263090915552167,8.263091925240813,60341,10.579468250274658
362,8.26309072218538,47.2979045583829,60494,10.607547760009766
363,8.263090656321456,39.50118214296962,60647,10.636263370513916
364,8.263090428777543,49.81209160435601,60800,10.663330078125
365,8.263090391239418,51.128399181125204,60953,10.689698457717896
366,8.263090221407953,9.33020665291872,61103,10.716427326202393
367,8.263090110154666,45.88706895705139,61256,10.741549968719482
368,8.263090067428164,44.77042721351585,61409,10.766611576080322
369,8.263089946115993,9.474370762722366,61559,10.792373657226562
370,8.263089873908338,48.87879210557656,61712,10.81866979598999
371,8.2630897782954,9.658538909660436,61862,10.843327522277832
372,8.263089662977025,51.9367974827866,62015,10.869155406951904
373,8.263089537212043,46.542880843587554,62168,10.895357847213745
374,8.263089482656019,52.0402860661494,62321,10.920952796936035
375,8.263089458327498,9.806777403740822,62471,10.947829484939575
376,8.263089360282196,41.39086695557746,62624,10.974581480026245
377,8.263089275091302,9.46607529946009,62774,11.001729011535645
378,8.263089124581656,47.20605543756483,62927,11.030883073806763
379,8.263089112034796,9.525404552659165,63077,11.057952165603638
380,8.263089076709901,45.36282117501392,63230,11.08492636680603
381,8.2630889943385,43.341123749271546,63383,11.111918926239014
382,8.263088962944927,49.72191541495518,63536,11.138981819152832
383,8.263088938926249,10.689881287454066,63686,11.167050838470459
384,8.263088878366593,53.294265509513046,63839,11.193808794021606
385,8.263088863046645,9.586090210271136,63989,11.220426321029663
386,8.26308879993748,43.280891464796305,64142,11.247026681900024
387,8.263088759903027,8.841820586814578,64292,11.271245241165161
388,8.263088685837554,44.43858233512279,64445,11.29783010482788
389,8.263088647284128,9.260366567091815,64595,11.322864055633545
390,8.263088628012774,41.988487597050664,64748,11.349951982498169
391,8.263088569205538,43.490001532873876,64901,11.376709461212158
392,8.263088528876109,49.3897469806327,65054,11.402727127075195
393,8.26308850596539,41.75023896949633,65207,11.430102586746216
394,8.263088453314385,54.846707533507434,65360,11.457045793533325
395,8.263088449511091,9.613754397996377,65510,11.4851815700531
396,8.263088414115865,46.22344988949535,65663,11.514742612838745
397,8.263088396789254,50.09178285347713,65813,11.539349555969238
398,8.263088339625755,48.34147090460273,65963,11.568202495574951
399,8.263088303417893,45.73484867363179,66113,11.596170902252197
400,8.263088272040664,9.484540705452801,66260,11.62279200553894
401,8.263088238070514,49.695311900627416,66410,11.649128675460815
402,8.263088228469538,49.76043068100549,66560,11.675238132476807
403,8.26308818393757,46.414067461400435,66710,11.700945377349854
404,8.263088170075799,42.812759528569885,66860,11.725042343139648
405,8.263088160765196,9.95103392160306,67007,11.749978065490723
406,8.263088151955122,46.14519704731045,67157,11.77498197555542
407,8.263088124994148,10.701547557308244,67304,11.799026489257812
408,8.263088124994148,39.190390950358015,67454,11.82438063621521
409,8.263088105859927,42.6795968072381,67604,11.849280834197998
410,8.26308809933019,9.882595392847515,67751,11.87423825263977
411,8.26308808843494,51.1017807762728,67901,11.900896310806274
412,8.26308808694633,46.72535565411736,68051,11.927084684371948
413,8.26308807805504,46.83624004653708,68201,11.952298641204834
414,8.26308806957006,43.48747154848179,68351,11.977596282958984
415,8.263088061877905,9.429410339247712,68498,12.002257585525513
416,8.263088057055795,46.021034090331064,68648,12.032147645950317
417,8.263088042684956,48.92758185936004,68798,12.059577226638794
418,8.263088032593094,47.07995741297454,68948,12.084528923034668
419,8.263088020698516,51.75359588979366,69098,12.109565019607544
420,8.263088012419928,46.74212023174608,69248,12.136054515838623
421,8.263088005201604,51.99051617546029,69398,12.165180206298828
422,8.26308799565782,55.58177575818575,69548,12.19126033782959
423,8.263087989724788,42.727175572340315,69698,12.21716833114624
424,8.26308797994872,49.24623273126264,69848,12.242294549942017
425,8.263087963588037,42.46989193667944,69998,12.267858505249023
426,8.263087956313745,9.978364472379994,70145,12.292951107025146
427,8.26308795244929,49.186096241134265,70295,12.319429159164429
428,8.263087944775517,52.6373400585297,70445,12.345224618911743
429,8.263087934134589,9.332789768184485,70592,12.369839906692505
430,8.263087928601125,42.26690171870436,70742,12.39617395401001
431,8.263087924330337,9.759119429198032,70889,12.423878192901611
432,8.263087919728415,42.943379895363606,71039,12.451680183410645
433,8.263087912123819,9.127849933531198,71186,12.4797945022583
434,8.263087907835487,47.03223776279255,71336,12.506073951721191
435,8.263087906068737,52.232702647663366,71486,12.531867265701294
436,8.263087899936519,51.412870610858675,71636,12.559463024139404
437,8.26308789581134,42.816013681078424,71786,12.58777928352356
438,8.26308788798905,42.74569151803286,71936,12.615633726119995
439,8.263087887788359,43.78585428183734,72083,12.641282081604004
440,8.263087885284934,42.793306726103246,72230,12.666914939880371
441,8.263087880675661,9.225166799909577,72374,12.692933320999146
442,8.263087880481452,43.42145819125101,72521,12.718501329421997
443,8.26308787663309,45.585444029213555,72668,12.745552778244019
444,8.263087871759305,50.75792993818806,72815,12.771989822387695
445,8.263087867813942,10.471842942623303,72959,12.796117544174194
446,8.26308786278159,44.01191913112251,73106,12.821043252944946
447,8.2630878599135,49.436878673368405,73253,12.84841513633728
448,8.263087851867933,56.23613640892453,73400,12.873026609420776
449,8.263087837572776,44.29342445005356,73547,12.898109674453735
450,8.263087826037703,45.60522937977126,73694,12.923550128936768
451,8.263087818269385,9.311795744614699,73838,12.950347423553467
452,8.263087809407082,50.65932549037379,73985,12.97620701789856
453,8.263087791106324,9.413023058100462,74129,12.998961210250854
454,8.263087787564755,49.94630814896616,74276,13.023006439208984
455,8.263087783407936,51.431105349977365,74423,13.050228118896484
456,8.263087773397011,9.783585113002212,74567,13.074997901916504
457,8.263087764627315,46.29612909172416,74714,13.10088300704956
458,8.263087758289899,50.35774742571448,74861,13.124760866165161
459,8.26308774803941,9.276923836405453,75005,13.148236513137817
460,8.263087730108165,46.10349547019465,75152,13.174184322357178
461,8.26308772063504,9.748471026650252,75296,13.199528932571411
462,8.263087709473997,47.532760367767985,75443,13.226242303848267
463,8.263087695598017,48.807648730589136,75590,13.25095796585083
464,8.263087684904152,42.45539300431373,75737,13.27370810508728
465,8.263087673507355,9.29989204605617,75881,13.297898292541504
466,8.263087640790715,49.071604549071715,76028,13.321920156478882
467,8.26308761725592,9.780389984908888,76172,13.34739637374878
468,8.263087607507009,46.0252163060382,76319,13.372832298278809
469,8.263087547888421,47.62663465964901,76466,13.396527528762817
470,8.263087502607204,10.406133914417596,76610,13.420710802078247
471,8.263087492387656,8.263087561787728,76754,13.44494104385376
472,8.263087440597367,8.263087523225204,76898,13.46947455406189
473,8.263087383641702,8.263087474840932,77042,13.494977712631226
474,8.26308734180092,8.263087427098704,77186,13.521648406982422
475,8.263087294129187,45.28115450887796,77333,13.54658818244934
476,8.263087261498741,8.263087344767536,77477,13.57293438911438
477,8.263087202189498,8.263087304244708,77621,13.598434686660767
478,8.263087139128643,8.263087253034861,77765,13.623611211776733
479,8.26308708670338,8.263087197060294,77909,13.64923095703125
480,8.263086999195663,8.2630871325018,78053,13.67233419418335
481,8.26308696220663,8.263087065426955,78197,13.697957277297974
482,8.263086883236621,8.263087003520063,78338,13.72417163848877
483,8.263086781134694,8.263086912200125,78479,13.747114419937134
484,8.26308662382454,8.263086831761424,78620,13.770993947982788
485,8.263086557454153,8.263086754167423,78761,13.794246435165405
486,8.26308648701944,8.263086663171364,78902,13.81694221496582
487,8.26308638528845,8.263086545971095,79043,13.839433193206787
488,8.263086265540391,8.263086442424362,79184,13.863988637924194
489,8.263086190789297,8.263086359551389,79325,13.888108015060425
490,8.263086124839223,8.263086270383278,79466,13.911918640136719
491,8.263086059139669,8.263086192501092,79607,13.93564510345459
492,8.263086018029634,8.263086124849691,79748,13.959914684295654
493,8.263085940649441,8.263086060969334,79889,13.983858823776245
494,8.263085821357302,8.26308598116754,80030,14.007506370544434
495,8.263085743290738,8.263085906056164,80171,14.030380725860596
496,8.26308570721378,8.263085834353026,80312,14.055752277374268
497,8.263085617733324,8.263085763852057,80453,14.079337120056152
498,8.263085555260615,8.263085699494043,80594,14.103214979171753
499,8.263085492678062,8.263085637184385,80735,14.127107620239258
500,8.263085384775758,8.263085567435747,80876,14.149937152862549
501,8.263085288031407,8.263085482299207,81017,14.172963380813599
502,8.263085216150253,8.263085393568804,81158,14.197463035583496
503,8.263085126084174,8.263085288932375,81299,14.220187187194824
504,8.263085042315168,8.263085198461964,81440,14.24306607246399
505,8.263084858000235,8.26308508539709,81581,14.265480756759644
506,8.263084570532426,8.263084960536172,81722,14.288183450698853
507,8.26308447395919,8.263084789737789,81863,14.313128471374512
508,8.263084410287519,8.263084657197128,82004,14.335938930511475
509,8.263084210432346,8.263084531891632,82145,14.359796524047852
510,8.263083980208329,8.263084399904253,82286,14.382764339447021
511,8.263083685725604,8.26308415209299,82427,14.405651330947876
512,8.263083366684318,8.263083925013618,82568,14.429183006286621
513,8.263082965779914,8.263083602449115,82709,14.45206332206726
514,8.263082443457929,8.263083221625696,82850,14.47767162322998
515,8.26308208640703,8.263082945752576,82991,14.500981092453003
516,8.263081664223785,8.263082584130872,83132,14.524618864059448
517,8.263081279959112,8.263082129352101,83273,14.547122478485107
518,8.263080807697705,8.263081790383973,83414,14.572057962417603
519,8.263080233443208,8.263081293553126,83555,14.596875667572021
520,8.26307934103398,8.263080792575725,83696,14.620458126068115
521,8.263078599320476,8.263080134160845,83837,14.643725633621216
522,8.263077175593821,8.263079291608507,83978,14.667709350585938
523,8.263074193893484,8.263078322284148,84119,14.693490266799927
524,8.263070631082394,8.26307672600765,84260,14.720288276672363
525,8.263069737663752,8.263074755421947,84401,14.745346784591675
526,8.263062147456932,8.263071205583108,84539,14.767703771591187
527,8.263055729960897,8.26306835215006,84677,14.79111909866333
528,8.263047975068709,8.263062295703932,84815,14.814039468765259
529,8.263023155443298,8.263055324340193,84953,14.837890625
530,8.262996741661743,8.263038534240218,85091,14.86122751235962
531,8.262914905056517,8.263005340459994,85229,14.88446044921875
532,8.262839898741952,8.262952403289475,85367,14.907224416732788
533,8.262639593168439,8.262877882609706,85505,14.92927885055542
534,8.262502706420824,8.262757359316526,85643,14.95085072517395
535,8.26209015351646,8.262585828134684,85781,14.97290563583374
536,8.261999142206513,8.262410538608266,85919,14.994697093963623
537,8.261605139096755,8.26224165731476,86057,15.017406463623047
538,8.26143130848297,8.262079316732681,86195,15.040805578231812
539,8.261387787088463,8.261883710466657,86333,15.063776731491089
540,8.260704942395519,8.261663947837707,86471,15.086087226867676
541,8.26069928741559,8.261300185990715,86609,15.110284328460693
542,8.260196391366657,8.260943412627672,86747,15.131211042404175
543,8.260196391366657,8.260764501225113,86885,15.153229236602783
544,8.259302325388887,8.260487073356048,87023,15.176318883895874
545,8.258632351815805,8.260128241266196,87161,15.1979820728302
546,8.257936409471817,8.259661824493548,87299,15.220985889434814
547,8.257177689998255,8.2590656621024,87437,15.245068311691284
548,8.255183881670147,8.258091882374488,87575,15.26773977279663
549,8.253701217165343,8.256925429716546,87713,15.28897476196289
550,8.25239680669475,8.25569102307742,87851,15.311441659927368
551,8.249901181366429,8.253951026544707,87989,15.333199977874756
552,8.246304328608671,8.252536346437635,88127,15.358679294586182
553,8.246092152694612,8.250518336711856,88265,15.381415843963623
554,8.243843641693731,8.24840375617525,88403,15.403883695602417
555,8.243649180785841,8.247286174613075,88541,15.426994323730469
556,8.242613888792638,8.245888388959546,88679,15.447768926620483
557,8.23925882174301,8.244574437279017,88817,15.472797393798828
558,8.23925882174301,8.242801622801426,88955,15.497354984283447
559,8.237035267366764,8.241118031975866,89093,15.518616914749146
560,8.234977352531528,8.239534246825803,89231,15.54236364364624
561,8.234977352531528,8.238133532320722,89369,15.564431428909302
562,8.233393744740917,8.236775789422525,89507,15.58633542060852
563,8.232010885612052,8.235674261374525,89645,15.608515977859497
564,8.230045108513222,8.234195982882117,89783,15.6303231716156
565,8.226884183604243,8.232718046936329,89921,15.652345895767212
566,8.226884183604243,8.231328385932436,90059,15.674602031707764
567,8.226568492806619,8.230338371932982,90197,15.696381092071533
568,8.224686987608541,8.229205302232232,90335,15.721144676208496
569,8.223253968331974,8.227564804552566,90473,15.747276067733765
570,8.223253968331974,8.226236080373988,90611,15.770234823226929
571,8.222521160216317,8.225437426146149,90749,15.792811632156372
572,8.222521160216317,8.224775752804673,90884,15.815646171569824
573,8.22216485504479,8.22414861273153,91019,15.83794379234314
574,8.222023775077158,8.22353771340106,91154,15.859131097793579
575,8.222017048305615,8.223209052529443,91289,15.882116079330444
576,8.221531063314362,8.222821426851743,91424,15.904266834259033
577,8.22074902442935,8.222236344317425,91559,15.926296472549438
578,8.220518383926432,8.221808941306477,91694,15.948306560516357
579,8.220184539367878,8.22140206222558,91829,15.969359159469604
580,8.220184539367878,8.221098828436876,91964,15.99091649055481
581,8.220054587453308,8.220779890580483,92099,16.013953685760498
582,8.21987997480892,8.220522688820642,92234,16.036647081375122
583,8.219859194616642,8.220362504967076,92369,16.058783531188965
584,8.219729204063983,8.220203385138534,92504,16.08146643638611
585,8.219587705698224,8.220039965926771,92639,16.104169607162476
586,8.21954980984693,8.21987018262423,92774,16.127360582351685
587,8.219350851612411,8.219749423112395,92909,16.150369882583618
588,8.219350851612411,8.21963466505795,93044,16.171841382980347
589,8.219292058005355,8.219518755475013,93179,16.194746017456055
590,8.219248083987344,8.21944677858683,93314,16.217120885849
591,8.219248083987344,8.219378247381485,93449,16.242180824279785
592,8.219244295394892,8.219334123982067,93584,16.265053749084473
593,8.21918623660808,8.219298104756406,93719,16.287925243377686
594,8.219144039470818,8.219250982250216,93854,16.309391260147095
595,8.219094506208345,8.219196225830604,93989,16.331804037094116
596,8.218984327636953,8.219131307296966,94124,16.35499858856201
597,8.218984327636953,8.219091849531662,94259,16.376620769500732
598,8.218898274195643,8.219054915611967,94394,16.400458335876465
599,8.218880089061443,8.219011898489768,94529,16.422288179397583
600,8.218851646271133,8.21895484642907,94664,16.445460557937622
601,8.218771554717316,8.218912393571468,94799,16.468209981918335
602,8.218648762329732,8.21884282156125,94934,16.492080450057983
603,8.218593487868485,8.218766810781878,95069,16.51392698287964
604,8.218443542827433,8.218672508616299,95204,16.537488222122192
605,8.218361355514308,8.218588135053508,95339,16.56012463569641
606,8.218164258406802,8.218472575151349,95474,16.583065032958984
607,8.217967889007001,8.218353488691633,95609,16.60396099090576
608,8.217967889007001,8.21823877513256,95744,16.62772822380066
609,8.217725027893424,8.218107529660871,95879,16.650652647018433
610,8.217683391034734,8.217967845682546,96014,16.673325777053833
611,8.217500288552909,8.217842149537882,96149,16.695593118667603
612,8.217438665154326,8.21773267101117,96284,16.716964960098267
613,8.217149426995498,8.217584010999003,96419,16.739463329315186
614,8.217033185949091,8.217432649533292,96554,16.76217746734619
615,8.216921975779117,8.217265732422634,96689,16.785457849502563
616,8.216527986216269,8.217110372746463,96824,16.80607533454895
617,8.216412417037162,8.216924911586553,96959,16.827897548675537
618,8.21603798880178,8.216701454377557,97091,16.84852409362793
619,8.215964605133344,8.216431827299662,97223,16.870046138763428
620,8.215840583798178,8.21624215564937,97355,16.89478039741516
621,8.215707908612579,8.216108066872984,97487,16.919347047805786
622,8.215560419478104,8.215938582655577,97619,16.94202733039856
623,8.215259898471277,8.215785391125173,97751,16.96439528465271
624,8.215124404223777,8.215549343200516,97883,16.986405849456787
625,8.215005114872529,8.21537869829705,98015,17.008517265319824
626,8.214933169474548,8.21524804326508,98147,17.030467748641968
627,8.214677903865741,8.215095447113594,98279,17.055332899093628
628,8.214531319765985,8.214991267733897,98411,17.07833504676819
629,8.214531319765985,8.21484553373073,98543,17.09967827796936
630,8.214291219855122,8.214735368178587,98675,17.120864868164062
631,8.214216579294455,8.2145942695901,98807,17.14127516746521
632,8.213897235073551,8.214438836853969,98939,17.163131713867188
633,8.213829819544708,8.214277615373508,99071,17.184507846832275
634,8.213560495538783,8.214106810458132,99203,17.205869913101196
635,8.213375816281374,8.21388717866022,99335,17.229700803756714
636,8.212991635636996,8.213689912563725,99467,17.25177574157715
637,8.212991635636996,8.213453310201196,99599,17.272377014160156
638,8.212912147533157,8.213326862545493,99731,17.29326820373535
639,8.21274918124358,8.213091569046584,99863,17.31502628326416
640,8.21261684284765,8.21294292755946,99995,17.33605194091797
641,8.212362814195462,8.21279046730818,100127,17.357027769088745
642,8.212303961758122,8.212640239455228,100259,17.377424001693726
643,8.212120418014388,8.2124543802105,100391,17.398370504379272
644,8.211981941759982,8.212338123926164,100523,17.41973304748535
645,8.211640486879553,8.212154011833556,100655,17.43943214416504
646,8.211394951179127,8.211990816868521,100787,17.461061477661133
647,8.211291020240955,8.21168522281087,100919,17.4863338470459
648,8.211137054150143,8.211484221871892,101051,17.509827136993408
649,8.210950625020532,8.211316178417976,101183,17.53070068359375
650,8.210915867417148,8.211176217760045,101315,17.552711009979248
651,8.210826218583968,8.211054100111205,101447,17.574887990951538
652,8.210683582656126,8.210941628043095,101579,17.595916748046875
653,8.210490851842723,8.210853272745547,101711,17.61601209640503
654,8.210450404065906,8.210729303491744,101843,17.637378454208374
655,8.210359068304115,8.210609029317617,101975,17.658565521240234
656,8.210261573367884,8.210524165827307,102107,17.679187536239624
657,8.210217812447683,8.21044806979439,102239,17.699758529663086
658,8.210217812447683,8.210369743039696,102371,17.721256494522095
659,8.210033187066905,8.210284740454439,102503,17.742282390594482
660,8.20983644701723,8.210170157812792,102635,17.764140605926514
661,8.2097906315134,8.210059978382285,102767,17.78571653366089
662,8.209625306531894,8.209948886779118,102899,17.807947397232056
663,8.209613141502418,8.209830504805032,103031,17.82903003692627
664,8.209474767303194,8.209753661171309,103163,17.849013090133667
665,8.209296383153701,8.209608541471026,103292,17.86874222755432
666,8.209108440735253,8.209487691954749,103421,17.8894681930542
667,8.209027183060634,8.209377186667323,103550,17.91060185432434
668,8.208814874981313,8.209212700780926,103679,17.93380618095398
669,8.208814874981313,8.209101109731703,103808,17.95422339439392
670,8.208655625290383,8.208998730792182,103937,17.974077224731445
671,8.208395211658885,8.208853170933946,104066,17.995105266571045
672,8.208395211658885,8.208730975932065,104195,18.016205310821533
673,8.208255197082115,8.208539765937703,104324,18.037476301193237
674,8.207917543789035,8.208382525928112,104453,18.060616493225098
675,8.207751876661822,8.208237213684141,104582,18.083081007003784
676,8.207662468621274,8.20804996411803,104711,18.106921434402466
677,8.207540479124233,8.207910895444599,104840,18.131688594818115
678,8.207188463566508,8.207761912539297,104969,18.15719246864319
679,8.207035015652602,8.207594197037453,105098,18.181805849075317
680,8.206972347344788,8.20737402118949,105227,18.205383777618408
681,8.206577268720965,8.20715695081982,105356,18.227288007736206
682,8.206347490001916,8.20686982165156,105485,18.248708724975586
683,8.205971469782718,8.206673806738056,105614,18.27018642425537
684,8.205938154951488,8.206536584220286,105743,18.289594411849976
685,8.205790988908037,8.206387664735166,105872,18.31221842765808
686,8.205742440667864,8.206155612248525,106001,18.333184957504272
687,8.205419730385584,8.205988740098919,106130,18.353232622146606
688,8.205419730385584,8.20588541885249,106259,18.374059915542603
689,8.205419730385584,8.205742950527092,106388,18.394059658050537
690,8.205319639820752,8.205624203961538,106517,18.414958000183105
691,8.20514795227084,8.205520047983045,106646,18.436763763427734
692,8.204978519416962,8.205413561752884,106775,18.457892894744873
693,8.204978519416962,8.205303293143132,106904,18.478508234024048
694,8.204635237092553,8.205150939127366,107033,18.498955488204956
695,8.204635237092553,8.204981343948127,107162,18.51901149749756
696,8.204453002310467,8.204881361342862,107291,18.538537979125977
697,8.204318713683577,8.204696162572974,107420,18.558754920959473
698,8.20421323403885,8.204546250252559,107549,18.581043481826782
699,8.204024346691691,8.204418952535212,107678,18.603712797164917
700,8.203910423261332,8.204301450909162,107807,18.624072551727295
701,8.203851692665825,8.204168130749938,107936,18.645647287368774
702,8.20357101841595,8.203984856610452,108065,18.666235208511353
703,8.203422347081922,8.203881784357868,108194,18.686455726623535
704,8.203422347081922,8.20372243769208,108323,18.707123517990112
705,8.203329535885882,8.203601097527585,108452,18.727169275283813
706,8.203273073424102,8.203491387810777,108581,18.74712610244751
707,8.20311622673787,8.203416093746972,108710,18.76799726486206
708,8.203107567799774,8.203317574289986,108839,18.788912296295166
709,8.203044314355601,8.20325290768885,108968,18.80965566635132
710,8.202933298178637,8.203173553626055,109097,18.831197500228882
711,8.202933298178637,8.203117372398957,109226,18.85198187828064
712,8.202799522522671,8.203019137658897,109355,18.873759031295776
713,8.20274004284131,8.202941405658239,109484,18.893362045288086
714,8.20268816738525,8.202867424098049,109610,18.91412115097046
715,8.202530411761465,8.202801533224314,109736,18.934637308120728
716,8.202369622138965,8.202688332739724,109862,18.955291986465454
717,8.202064435999324,8.202562916936971,109988,18.97502827644348
718,8.201783068532581,8.202355299957544,110114,18.99457287788391
719,8.201702521898454,8.202131534999827,110240,19.014302015304565
720,8.201491369874482,8.201883218237349,110366,19.03524613380432
721,8.20135471331209,8.201690247515362,110492,19.056761741638184
722,8.201192467235078,8.201550729853269,110618,19.078853368759155
723,8.200998890481175,8.201382609860193,110744,19.09863591194153
724,8.200673401320655,8.201202132167177,110870,19.120259284973145
725,8.200533081707666,8.201043631704382,110996,19.14175271987915
726,8.200498407132825,8.200861198569461,111122,19.162789344787598
727,8.200244807220614,8.20069338917737,111248,19.181737422943115
728,8.199918520838217,8.200491961199027,111374,19.20206880569458
729,8.199784892687498,8.200314724410749,111500,19.222352743148804
730,8.199527229944401,8.200111591041392,111626,19.243772745132446
731,8.199216137547968,8.199863794498128,111752,19.26673722267151
732,8.19909443854962,8.199609448450158,111878,19.287531852722168
733,8.198992321376,8.199418098808815,112004,19.307830572128296
734,8.198674315270212,8.199167903585352,112130,19.327636003494263
735,8.198483730388844,8.198900860405319,112256,19.348538875579834
736,8.19820402523826,8.198700499883524,112382,19.36936044692993
737,8.197801592601813,8.198452608330893,112508,19.38947820663452
738,8.197605266053811,8.198118488914508,112634,19.411067247390747
739,8.196482988366538,8.197793267068821,112760,19.43074321746826
740,8.196482988366538,8.19746463391892,112886,19.450291872024536
741,8.196363883509445,8.197044003461825,113012,19.47002673149109
742,8.196034753463575,8.196801395556491,113138,19.492048263549805
743,8.195274397904189,8.19649277563668,113264,19.511990785598755
744,8.194980724956398,8.19605351805539,113390,19.5326144695282
745,8.194692026052875,8.195647277545438,113516,19.552831172943115
746,8.194692026052875,8.195295209302149,113642,19.572790145874023
747,8.194346581783702,8.195045502488266,113768,19.593880653381348
748,8.194124540407232,8.194734991746097,113894,19.612488746643066
749,8.194078910254254,8.194548432979607,114020,19.632853269577026
750,8.193633705304414,8.19436470325419,114146,19.652265310287476
751,8.193633705304414,8.194200762005808,114272,19.67301321029663
752,8.193451675183569,8.193953583925197,114398,19.694787979125977
753,8.193451675183569,8.193782393344387,114524,19.71411395072937
754,8.193288308527572,8.193646815245192,114650,19.73317790031433
755,8.193197374858428,8.193531703226775,114776,19.752265691757202
756,8.19312111866579,8.193425724364321,114902,19.772425889968872
757,8.193037834186539,8.193321936775668,115028,19.792104482650757
758,8.193000908482958,8.193239244559063,115154,19.812425136566162
759,8.192912504878292,8.193151308483587,115280,19.832462072372437
760,8.192787739100742,8.193085692644152,115406,19.851879119873047
761,8.192785822927231,8.193006392640235,115532,19.871033906936646
762,8.192719791374797,8.192936776629406,115658,19.89049005508423
763,8.1926204957112,8.192859923141139,115781,19.910244464874268
764,8.19258413891122,8.192777924305233,115904,19.928248167037964
765,8.192469620826882,8.192696933861523,116027,19.947461366653442
766,8.192374856254887,8.192625819987889,116150,19.966964960098267
767,8.192374856254887,8.192553854919126,116273,19.985671997070312
768,8.19230108661549,8.192509963406946,116396,20.005195379257202
769,8.19229088586703,8.192437731790873,116519,20.02496027946472
770,8.192265092399387,8.19237117817191,116642,20.04373335838318
771,8.192212956538846,8.192317688489997,116765,20.06289315223694
772,8.192212087685013,8.192280000273346,116888,20.08340287208557
773,8.19216728659099,8.192247438516874,117011,20.10209035873413
774,8.19216728659099,8.192220791858931,117134,20.12061858177185
775,8.19216728659099,8.192203062363955,117257,20.139124631881714
776,8.192126788140568,8.192186507391435,117380,20.158366203308105
777,8.192120742435554,8.192169721355176,117503,20.176334619522095
778,8.192120742435554,8.192157413900606,117626,20.19596529006958
779,8.192110767416706,8.192145285929108,117749,20.21505832672119
780,8.192110767416706,8.19213744626216,117872,20.2356219291687
781,8.192096572661002,8.192127418237215,117995,20.256307125091553
782,8.192091214468253,8.192119665590608,118118,20.27556824684143
783,8.192091214468253,8.192111296690046,118241,20.29537057876587
784,8.192088084058794,8.192105266633494,118364,20.31383514404297
785,8.192086549108918,8.192099595974812,118487,20.33257818222046
786,8.192076381719572,8.192093998186976,118610,20.351524829864502
787,8.192075417698915,8.192090707144287,118733,20.37093472480774
788,8.192073060324784,8.19208232107095,118856,20.39007329940796
789,8.192072557400223,8.19207929563892,118979,20.40999126434326
790,8.192066036763583,8.192075888374541,119102,20.428688049316406
791,8.19206585412849,8.192073144699151,119225,20.44766664505005
792,8.19206585412849,8.192071068567602,119348,20.467276573181152
793,8.19206392600234,8.192069207939715,119471,20.488560676574707
794,8.192063493593952,8.192067284919098,119594,20.50760293006897
795,8.192062097985128,8.192065782298805,119717,20.526264190673828
796,8.192062097985128,8.192065111584993,119840,20.54558300971985
797,8.192062097985128,8.192064401682913,119963,20.565667629241943
798,8.192061662674163,8.192063375323212,120086,20.584502935409546
799,8.192061371402684,8.192062768699136,120209,20.604166746139526
800,8.192061240072265,8.19206239945347,120332,20.62429976463318
801,8.192061143377735,8.19206192164288,120455,20.644197702407837
802,8.19206063583565,8.192061504745945,120578,20.66330909729004
803,8.192060472829825,8.192061226602208,120701,20.68251132965088
804,8.192060309060835,8.192060834784435,120824,20.7012140750885
805,8.19206022760503,8.192060568062052,120947,20.720152616500854
806,8.192059977526057,8.192060390168445,121070,20.739372730255127
807,8.192059968403798,8.192060263634222,121193,20.75895881652832
808,8.192059941407893,8.192060139122509,121316,20.777676582336426
809,8.19205985407841,8.1920600459427,121439,20.79607892036438
810,8.192059761438784,8.192059976691386,121562,20.816294193267822
811,8.19205962150141,8.192059898324423,121685,20.835835218429565
812,8.192059621501338,8.192059822089544,121808,20.854790687561035
813,8.192059552307716,36.39183620349506,121933,20.876465797424316
814,8.192059529561309,8.192059703904256,122053,20.896806716918945
815,8.192059379595788,8.192059628707323,122173,20.915570735931396
816,8.192059379595788,46.32977779405056,122295,20.93495464324951
817,8.192059334274568,44.6821035514377,122417,20.953102827072144
818,8.192059319559442,37.671781499430814,122539,20.972196578979492
819,8.19205928384494,35.83266372243496,122661,20.991095781326294
820,8.192059233344818,10.155392201022394,122781,21.00947141647339
821,8.192059221342676,46.98746440491899,122903,21.028736352920532
822,8.192059193654567,42.10933587744528,123025,21.047977209091187
823,8.192059175862477,38.465177283162,123147,21.06730842590332
824,8.192059108160795,42.166900209533914,123269,21.086626768112183
825,8.192059108160795,39.78631971030934,123391,21.105076789855957
826,8.192059094821047,8.630528685329754,123511,21.124823331832886
827,8.19205905298908,40.76486013185297,123633,21.14274573326111
828,8.19205905298908,41.78114548791259,123755,21.160924673080444
829,8.192059041507129,39.642867730659304,123877,21.180207014083862
830,8.19205903277686,38.96019576808872,123999,21.197832584381104
831,8.192059023267735,39.01805731695367,124121,21.216304540634155
832,8.192059006724513,36.217044554176425,124243,21.2352397441864
833,8.192058972218557,42.21262633815204,124365,21.252891302108765
834,8.192058972218557,37.78885092938702,124487,21.272140979766846
835,8.192058969304163,42.05459124217499,124609,21.290509700775146
836,8.192058960092,10.010097661823558,124729,21.30850839614868
837,8.192058956235448,39.612112906494346,124851,21.328466415405273
838,8.192047697679593,43.36120382304962,124973,21.34850001335144
839,8.192047697679593,43.94460232785697,125095,21.36821174621582
840,8.192040875589454,40.24004908919725,125217,21.387887001037598
841,7.989130553786796,8.18697207658437,125337,21.40626883506775
842,7.813171513957433,8.098809709260356,125457,21.427119255065918
843,7.813075271023204,7.861964693296022,125577,21.445417165756226
844,7.812985843232107,7.820151823914212,125697,21.463695526123047
845,7.812820527378045,7.81448607460711,125817,21.485153198242188
846,7.812523384884545,7.813188338725723,125937,21.503795623779297
847,7.81224572139254,7.812831703312187,126057,21.522302389144897
848,7.811831453251371,7.812431450486557,126177,21.541934728622437
849,7.810894851640661,7.811951803250348,126297,21.56054925918579
850,7.810227438639079,7.811433799856509,126417,21.57932686805725
851,7.8094871114111175,7.810917347544316,126537,21.597622394561768
852,7.808130254842626,7.809960230148002,126657,21.616530895233154
853,7.80716282693666,7.8088593471409755,126777,21.634455680847168
854,7.805765707673417,7.807741584750593,126897,21.65356755256653
855,7.804618722842824,7.806523765692793,127017,21.67147970199585
856,7.8031210643528155,7.805167705364914,127137,21.690478801727295
857,7.801724208245375,7.804161828428593,127257,21.70863962173462
858,7.8011891374665705,7.8031634678227615,127377,21.72809910774231
859,7.798282879351182,7.801584222769444,127497,21.747068881988525
860,7.795935452152612,7.79955838261084,127617,21.765064477920532
861,7.792957691067603,7.79723538706569,127737,21.785193920135498
862,7.790319606507482,7.794818621178274,127857,21.803243160247803
863,7.788747586483172,7.792259873517997,127977,21.820892095565796
864,7.7823035412896,7.790123663055363,128097,21.839659452438354
865,7.7795110629129285,7.786662935805129,128217,21.857594966888428
866,7.7730872220233485,7.782609031872805,128334,21.874542951583862
867,7.7665752452492125,7.778133499239248,128451,21.892781972885132
868,7.762188636708235,7.773987867361738,128568,21.911134004592896
869,7.754009702023311,7.768053564354986,128685,21.92918062210083
870,7.746117595808423,7.760427070590083,128802,21.94810962677002
871,7.736032208362679,7.750513228023373,128919,21.96650505065918
872,7.715895408694313,7.739821073705607,129036,21.984359979629517
873,7.71464738980569,7.729418723019189,129153,22.003145217895508
874,7.70304779098473,7.721437401591188,129270,22.02093744277954
875,7.693604205183003,7.713716190852359,129387,22.03912663459778
876,7.685249175017351,7.7074300395616335,129504,22.057284593582153
877,7.679697826384064,7.698713675231758,129621,22.076101064682007
878,7.657178875714188,7.687222627834965,129738,22.09466791152954
879,7.646432437383031,7.674964579772595,129855,22.11284303665161
880,7.627502413747148,7.663099930741189,129972,22.130585193634033
881,7.627502413747148,7.650823742469649,130089,22.149157762527466
882,7.620524217069418,7.6413071576812195,130206,22.168757677078247
883,7.618383978835104,7.634779854659685,130323,22.18821692466736
884,7.601976671910565,7.626065400401775,130440,22.206655740737915
885,7.601976671910565,7.620640080086423,130557,22.22482132911682
886,7.601976671910565,7.6157856504751384,130674,22.243204593658447
887,7.600836928077159,7.612326451386567,130791,22.262314558029175
888,7.600713976028336,7.610293440874452,130908,22.280163288116455
889,7.5974788772775135,7.608298438800212,131025,22.297675609588623
890,7.597185229481143,7.604981880276546,131142,22.317692756652832
891,7.597185229481143,7.603243012317596,131259,22.33697819709778
892,7.594855876849257,7.600998303019687,131376,22.354473114013672
893,7.593932027546156,7.599028382021572,131493,22.37229299545288
894,7.592431803653252,7.597543520610711,131610,22.390124082565308
895,7.589281749639324,7.595565338559877,131727,22.40765404701233
896,7.58844335739289,7.59352328888139,131844,22.424498558044434
897,7.5877550587199645,7.591128652207836,131961,22.442662000656128
898,7.586346429624792,7.58960620912989,132078,22.46194815635681
899,7.586346429624792,7.589071765005479,132195,22.48279881477356
900,7.58558548615167,7.588008896766114,132312,22.499945878982544
901,7.58558548615167,7.587077481808319,132429,22.517879009246826
902,7.584283043790978,7.586473758764096,132546,22.53561282157898
903,7.583791181106965,7.585687655435893,132663,22.553565502166748
904,7.582681524551302,7.584915453180877,132780,22.57176899909973
905,7.582424904091753,7.584369407638133,132897,22.59196925163269
906,7.581549072745392,7.583434353423515,133014,22.61036205291748
907,7.581430945722335,7.582776410169051,133131,22.62757110595703
908,7.58138613021625,7.582354522895479,133248,22.64526677131653
909,7.580851705404903,7.581955542691892,133365,22.665168046951294
910,7.580851705404903,7.581624546354431,133482,22.68315315246582
911,7.580542133504644,7.5813496991971485,133599,22.70208978652954
912,7.580542133504644,7.581126045354104,133716,22.71960711479187
913,7.580263995552735,7.580895973336217,133833,22.737528085708618
914,7.580045720072615,7.580681435956303,133950,22.755220890045166
915,7.5799961721382445,7.580420647278627,134067,22.773786306381226
916,7.579918445731229,7.58018547782638,134184,22.79109525680542
917,7.579687876007772,7.580013456377837,134301,22.80843734741211
918,7.579399917533654,7.579831299737945,134418,22.827784776687622
919,7.579370065901503,7.579662601569695,134532,22.846222400665283
920,7.579167349184359,7.579506901311357,134646,22.864309072494507
921,7.578914031103121,7.5793680376091315,134760,22.881531238555908
922,7.578649330783891,7.579159478983017,134874,22.898204565048218
923,7.578542590730112,7.578959846962942,134988,22.91555643081665
924,7.578349685388903,7.5787651349563205,135102,22.933891534805298
925,7.578193352513649,7.578584722548394,135216,22.95196795463562
926,7.577964259289426,7.578432627320747,135330,22.97004747390747
927,7.577873375884649,7.578232907727393,135444,22.987292051315308
928,7.577759085299518,7.578067373680765,135558,23.004990816116333
929,7.577494102022697,7.577928885506483,135672,23.021809101104736
930,7.577420807905425,7.577775194420099,135786,23.040303945541382
931,7.577351903283972,7.577646138210563,135900,23.058985710144043
932,7.577027125961652,7.577459027233232,136014,23.07738447189331
933,7.576767714365031,7.577270344966748,136128,23.096163272857666
934,7.576615277200832,7.577030511877312,136242,23.1133816242218
935,7.576304829151239,7.576847690328125,136356,23.13079857826233
936,7.576091264430256,7.576583086065486,136470,23.149158239364624
937,7.575669715139176,7.5763865487752735,136584,23.165993690490723
938,7.575487570429918,7.576074280571627,136698,23.183443069458008
939,7.574930670029311,7.575719799480623,136812,23.20072031021118
940,7.574131632422903,7.57537452559452,136926,23.218390703201294
941,7.574131632422903,7.574897705371029,137040,23.23628830909729
942,7.573366223119116,7.574425691358031,137154,23.25346064567566
943,7.57332649533323,7.574061993479784,137268,23.271016359329224
944,7.572701307472782,7.573656405756583,137382,23.290417909622192
945,7.572333813256383,7.573229499899495,137496,23.306867599487305
946,7.57205951371242,7.572907153312971,137610,23.324158191680908
947,7.571326873576136,7.572408956386148,137724,23.34178137779236
948,7.570006051342193,7.571807558459891,137838,23.360400438308716
949,7.569519992909917,7.570984467514433,137952,23.377052545547485
950,7.569350602717516,7.570450631334157,138066,23.395145416259766
951,7.568595001229523,7.569965668926781,138180,23.41261386871338
952,7.56836057274918,7.569493906957691,138294,23.42956781387329
953,7.567359984594267,7.568973860515419,138408,23.4466392993927
954,7.56717693086222,7.568283331580898,138522,23.46466302871704
955,7.566661306898371,7.567742182680263,138636,23.48370671272278
956,7.56656181659807,7.567412818021403,138750,23.50328826904297
957,7.566208862985438,7.567030305193535,138864,23.520519495010376
958,7.565860848411177,7.566676254465184,138978,23.5389666557312
959,7.56510749992375,7.566400898501773,139092,23.557498455047607
960,7.564819743886325,7.565803375924824,139206,23.576338529586792
961,7.562978248213514,7.56525334160044,139320,23.59533429145813
962,7.562038807837942,7.5643720200213,139434,23.614877223968506
963,7.562037673986119,7.563616692623244,139548,23.633235692977905
964,7.561062204412961,7.562934244621794,139662,23.653533697128296
965,7.560076658903151,7.562143913220753,139776,23.671109437942505
966,7.558969128136221,7.560885543671193,139890,23.68940281867981
967,7.557222377120459,7.560260573292755,140004,23.70637607574463
968,7.556425581347116,7.559253534770967,140118,23.723850965499878
969,7.5554321515894625,7.557979997381804,140232,23.741654634475708
970,7.551028822456454,7.556609068931462,140346,23.759629726409912
971,7.550298685414224,7.554562850038744,140460,23.777376174926758
972,7.549522102288279,7.553003758283757,140574,23.794437170028687
973,7.548829753905894,7.551512776730198,140688,23.81182098388672
974,7.5457817242301495,7.55009351747657,140799,23.82881259918213
975,7.5457817242301495,7.549066946252696,140910,23.846418380737305
976,7.544468290143344,7.5476743997054045,141021,23.8640456199646
977,7.542497760613967,7.546474852827382,141132,23.880789279937744
978,7.5412157329549085,7.544732131139405,141243,23.89753746986389
979,7.5393468501391,7.543075921001796,141354,23.913724660873413
980,7.537516961456324,7.541638558606107,141465,23.93055009841919
981,7.535715942424931,7.539546943151434,141576,23.947638750076294
982,7.535079290464151,7.537953827252167,141687,23.964359760284424
983,7.533286361916031,7.536247196057072,141798,23.982324600219727
984,7.530597893458084,7.535138085075872,141909,24.000117540359497
985,7.530217464462283,7.534049062830721,142020,24.019131898880005
986,7.530157282691199,7.53308676505857,142131,24.036136627197266
987,7.528789450621995,7.532037011352562,142242,24.053192138671875
988,7.525763873758943,7.530227405536098,142353,24.07010006904602
989,7.525763873758943,7.529091861783553,142464,24.08864426612854
990,7.524023702278771,7.527648072742512,142575,24.104936122894287
991,7.522848750850275,7.526316521899985,142686,24.122223615646362
992,7.522848750850275,7.524991931847049,142797,24.138428211212158
993,7.522089281722811,7.524244282104681,142908,24.156754970550537
994,7.522089281722811,7.523687156277535,143019,24.173277854919434
995,7.521178150542364,7.52323767245112,143130,24.190643310546875
996,7.521096609180248,7.522529509013698,143241,24.208252668380737
997,7.520801149822692,7.521931195816495,143352,24.22442126274109
998,7.520349596854608,7.521573036943827,143463,24.241389751434326
999,7.520172866955533,7.521206935071053,143574,24.258338451385498
