gen,best_fitness,mean_fitness,evals,time_sec
0,408.5825410128028,629.2012066456333,60,0.0020127296447753906
1,265.3950122445574,505.2525527664914,240,0.03548693656921387
2,244.1730227291428,406.9992904422292,420,0.06825733184814453
3,156.79971553171237,331.364459097375,600,0.10079550743103027
4,156.79971553171237,280.45736644122644,780,0.13684558868408203
5,153.50160098535503,232.5501729852479,960,0.16808533668518066
6,104.25252070541383,188.33066446635408,1140,0.2008826732635498
7,96.21934705985812,162.08714878907853,1320,0.2324209213256836
8,74.16244802424542,133.97832827394834,1500,0.2644777297973633
9,68.83214788470326,108.66775570597939,1680,0.295299768447876
10,52.37074815136153,88.67180807621662,1860,0.32993006706237793
11,33.10103764677757,72.32388193607245,2040,0.3635120391845703
12,30.060322398652563,59.24416698307924,2220,0.3960387706756592
13,26.23433520350971,49.61438079445039,2400,0.42751336097717285
14,25.872785445602386,42.968695220335356,2580,0.4602489471435547
15,18.232788615652797,36.81447069716535,2760,0.4918813705444336
16,18.232788615652797,33.35299769971196,2940,0.5265145301818848
17,17.5608372216218,28.79244095996855,3120,0.5592896938323975
18,17.5608372216218,25.303171316750976,3300,0.5914502143859863
19,17.17487238188768,22.836556835773273,3477,0.625800371170044
20,13.872282532271818,20.232735811500376,3654,0.6564044952392578
21,12.833749577309389,17.867428871521945,3831,0.6882660388946533
22,12.833749577309389,15.9768123051974,4008,0.7218246459960938
23,11.499657971187368,14.561794095849763,4185,0.7531795501708984
24,11.499657971187368,13.31804876122915,4362,0.7880568504333496
25,10.399524559204938,12.351964514168687,4539,0.8218190670013428
26,10.399524559204938,11.725662174286544,4716,0.8551385402679443
27,10.399524559204938,11.328613453591046,4893,0.8874702453613281
28,10.047096835276466,10.931499702592413,5070,0.9207136631011963
29,9.795966202467959,10.623332410254982,5247,0.9523005485534668
30,9.795966202467959,10.407509057553712,5424,0.9853579998016357
31,9.795966202467959,10.230996254102095,5601,1.0179834365844727
32,9.54423528952157,10.023373076557906,5778,1.0504529476165771
33,9.522552918869703,9.844793331644158,5955,1.0801820755004883
34,9.468661970174203,9.696877921517727,6132,1.1124825477600098
35,9.387404877590903,9.58219213740301,6309,1.1468312740325928
36,9.342026511220775,9.478488570968402,6486,1.1797890663146973
37,9.24467678141556,9.414890028042132,6663,1.21140718460083
38,9.24467678141556,9.34209187349391,6840,1.2442882061004639
39,9.218251260467289,9.29726909326362,7017,1.2769694328308105
40,9.203492266738778,9.256983555988331,7194,1.30845308303833
41,9.163277173095635,9.226456236044223,7371,1.3398866653442383
42,9.163277173095635,9.19847248516819,7548,1.371586561203003
43,9.138305060692135,9.181157149624578,7725,1.404522180557251
44,9.131153634706049,9.162685533225394,7902,1.43961763381958
45,9.129056821087879,9.148293981082572,8079,1.4738755226135254
46,9.110921170056997,9.135890100184891,8256,1.5079047679901123
47,9.11070989485267,9.126952321682571,8433,1.540292501449585
48,9.10784415618749,9.119881131690786,8610,1.57273268699646
49,9.106425588322855,9.114613380220028,8787,1.606762409210205
50,9.100926954503851,9.10928587452548,8964,1.642176866531372
51,9.097375194843162,9.104681491427904,9141,1.675210952758789
52,9.09550966380122,9.101332325330363,9318,1.70987868309021
53,9.092741432392089,9.098305848699665,9495,1.742469072341919
54,9.092095727473273,9.095965588590083,9669,1.7747008800506592
55,9.09096297383523,9.094248342010557,9843,1.810260534286499
56,9.090342444596166,9.09266362752319,10017,1.8445005416870117
57,9.08921785874589,9.091359996441364,10191,1.8755857944488525
58,9.088978860663188,9.090335952419775,10365,1.9056651592254639
59,9.088436367257646,9.089629380040384,10539,1.9360630512237549
60,9.088396438514335,9.089129825067088,10713,1.9698395729064941
61,9.08796848006617,9.088639903044099,10887,2.003309965133667
62,9.08750899495391,9.088299407594384,11061,2.0346338748931885
63,9.087497149431211,9.087977439120648,11235,2.065765380859375
64,9.08727187139371,9.087719036724428,11409,2.098494529724121
65,9.08722368211761,9.087510479230044,11583,2.132473945617676
66,9.08700900064693,9.087356740751035,11757,2.1661429405212402
67,9.086879633641681,9.0871974675924,11931,2.1999118328094482
68,9.086741553686956,9.087060743987681,12105,2.2330503463745117
69,9.08663596651626,9.08694585168374,12279,2.26702618598938
70,9.08650358709186,9.0868065826418,12453,2.2993242740631104
71,9.086421895028947,9.086673808290477,12627,2.3321614265441895
72,9.086290687863961,9.086547745549948,12801,2.3646810054779053
73,9.086288881674427,9.086457429526698,12975,2.3974170684814453
74,9.086265283418863,9.086388338712306,13149,2.4287924766540527
75,9.086216530625826,9.08633020719666,13323,2.459920883178711
76,9.086200910230158,9.086276323786663,13497,2.490448236465454
77,9.08614234229686,9.086230513941793,13671,2.5237810611724854
78,9.086129746948478,9.086199170608609,13845,2.556468963623047
79,9.086114024424058,9.086164541944864,14019,2.588207960128784
80,9.086102989935096,9.086138449148448,14193,2.6195619106292725
81,9.086072892002313,9.086119089668072,14367,2.6540329456329346
82,9.086072892002313,9.086103714831214,14541,2.6859092712402344
83,9.086068783565104,9.086091080901902,14715,2.716550588607788
84,9.086059487080542,9.086080585907728,14889,2.748100519180298
85,9.086051719704544,9.086071332113576,15063,2.778838634490967
86,9.08604360183722,9.086061434726775,15237,2.8125836849212646
87,9.086040945984099,9.086053865536936,15411,2.846858024597168
88,9.086036549374393,9.086047403703798,15585,2.8808999061584473
89,9.086034621913909,9.08604251318395,15759,2.9126477241516113
90,9.086031185623062,9.08603807782041,15930,2.9468202590942383
91,9.08603114932826,9.08603513472679,16101,2.977837085723877
92,9.086027355681646,9.08603249054387,16272,3.0088915824890137
93,9.086025345428766,9.086029660811262,16443,3.0405609607696533
94,9.086024465872814,9.086027317325136,16614,3.072427749633789
95,9.086021988263193,9.086025769594878,16785,3.1046857833862305
96,9.0860216858534,9.086024149136566,16956,3.1404643058776855
97,9.086020722473652,9.086022727247485,17127,3.1714024543762207
98,9.086019324447395,9.086021650173537,17298,3.204639434814453
99,9.086019088748122,9.086020563770408,17469,3.2359378337860107
100,9.086018056304258,9.086019484886698,17640,3.2689244747161865
101,9.086016889979177,9.086018679902384,17811,3.300593137741089
102,9.086016374635408,9.08601791670647,17982,3.334634780883789
103,9.08601571694259,9.086017116217315,18153,3.365081310272217
104,9.086015533772777,9.08601658995454,18324,3.3980727195739746
105,9.086015348785947,9.086016132683683,18495,3.429643154144287
106,9.086014758152782,9.0860157104219,18666,3.4626681804656982
107,9.086014758152782,9.086015404160992,18837,3.492351770401001
108,9.086014413350819,9.086015128236744,19008,3.525712728500366
109,9.08601435835101,9.086014873311008,19179,3.5563440322875977
110,9.086014070698095,9.086014639295747,19350,3.592430353164673
111,9.086013948184709,9.086014421533717,19521,3.626366138458252
112,9.08601392511813,68.5918904237165,19697,3.661456346511841
113,9.08601390455348,12.277845111919028,19868,3.693049430847168
114,9.086013754400796,76.67816792436575,20044,3.7257070541381836
115,9.086013672175937,62.4317377971924,20220,3.755920648574829
116,9.086013621365051,12.741339173160492,20391,3.789151191711426
117,9.086013550752812,60.81053675598258,20567,3.8264920711517334
118,9.086013457267253,13.241070420450127,20738,3.8578438758850098
119,9.086013457267253,61.5370530067586,20914,3.8897764682769775
120,9.086013430570707,64.18222925864846,21090,3.9202775955200195
121,9.086013424047364,11.231018620373405,21261,3.9522886276245117
122,9.086013349863462,70.97356092641812,21437,3.9859259128570557
123,9.086013339689549,11.230536261191396,21608,4.018627166748047
124,9.086013339689549,57.3966632856555,21784,4.04947829246521
125,9.086013318837418,63.0749813452695,21960,4.081048488616943
126,9.086013315708307,55.02681287703416,22133,4.11211633682251
127,9.086013303394044,11.336284809825994,22301,4.147892475128174
128,9.086013298661271,72.70945355536047,22474,4.179558038711548
129,9.086013283417987,62.20088253880516,22647,4.210166931152344
130,9.086013283417987,16.573021760356454,22815,4.241870164871216
131,9.086013278706087,70.9106191573867,22988,4.274071216583252
132,9.086013274762044,64.33734568144857,23161,4.305207252502441
133,9.086013266795003,11.22370407173567,23329,4.3386595249176025
134,9.086013266795003,65.77379612772913,23502,4.369638442993164
135,9.086013260617168,59.10891057037731,23675,4.401941299438477
136,9.08601326001107,10.506163178131246,23843,4.433967351913452
137,9.08601325575176,67.79915669038004,24016,4.465074062347412
138,9.086013252759864,10.994097525603072,24184,4.496785402297974
139,9.086013249834439,63.83040405513485,24357,4.5285491943359375
140,9.086013249834439,10.430744485069178,24525,4.559644937515259
141,9.086013246360897,66.36137906884144,24698,4.589370250701904
142,9.086013246360897,14.252959989049284,24866,4.619751214981079
143,9.086013245516732,9.471511305441496,25034,4.6534411907196045
144,9.08601324395329,70.39304247210147,25207,4.685725927352905
145,9.086013242946134,62.2397923274114,25380,4.716670751571655
146,9.086013242946134,10.748572346832058,25548,4.747048854827881
147,9.086013242147175,64.20178284396484,25721,4.7769153118133545
148,9.086013241543316,10.639990395390711,25889,4.810572862625122
149,9.086013240819451,71.5441428376577,26062,4.84277606010437
150,9.086013240350653,61.664970633664375,26235,4.873229503631592
151,9.08601323991701,63.61914309607899,26408,4.906780242919922
152,9.086013239026526,10.762523138438638,26576,4.938391447067261
153,9.086013238620161,65.32261665219755,26749,4.970765113830566
154,9.086013238557152,10.53933868166151,26917,5.002216100692749
155,9.086013237914694,67.01582375058689,27090,5.033706903457642
156,9.086013237715548,10.930278581400637,27258,5.064813137054443
157,9.086013237442346,72.35173731599686,27431,5.093552350997925
158,9.086013237262511,10.676099347121307,27599,5.126646041870117
159,9.086013236779777,77.03660370148009,27772,5.155901670455933
160,9.086013236589961,63.26829852161028,27945,5.186341285705566
161,9.08601323646218,13.45276901037755,28113,5.218223333358765
162,9.086013236357214,62.99099398937805,28286,5.250334978103638
163,9.08601323608682,11.000183541441443,28451,5.281584978103638
164,9.086013235961596,58.70563157371666,28621,5.3113367557525635
165,9.08601323577547,13.24992790968256,28786,5.3414647579193115
166,9.086013235587911,62.3834895483249,28956,5.370990037918091
167,9.086013235587911,68.7252814392331,29126,5.401581525802612
168,9.086013235511935,75.68686170830878,29296,5.432035684585571
169,9.086013235313356,73.18063864038345,29466,5.461505889892578
170,9.086013235276654,11.062100405648307,29631,5.4910664558410645
171,9.086013235207897,62.09666198437853,29801,5.522430181503296
172,9.086013235052809,10.777280540460445,29966,5.552986145019531
173,9.086013234986176,73.21107258686746,30136,5.582944869995117
174,9.086013234986176,11.336146689222312,30301,5.611889600753784
175,9.086013234883055,68.89821880026305,30471,5.641449451446533
176,9.086013234842655,15.404139587983812,30636,5.672969579696655
177,9.086013234769444,54.1678638779126,30805,5.703015565872192
178,9.086013234709052,10.287191624545097,30970,5.732444524765015
179,9.08601323470447,51.10899835697444,31139,5.761612892150879
180,9.08601323463037,12.525513186769235,31304,5.789876699447632
181,9.086013234544273,60.46505521911199,31473,5.820598840713501
182,9.086013234544273,54.04609590960163,31642,5.853702068328857
183,9.086013234485689,10.98365877517223,31807,5.885447263717651
184,9.086013234421733,51.74475532426744,31976,5.916069030761719
185,9.086013234395335,12.499050896902736,32141,5.948553562164307
186,9.086013234344337,53.48696569040925,32310,5.978451251983643
187,9.086013234332032,10.488552365049546,32475,6.008150577545166
188,9.086013234287506,55.33574237807305,32644,6.037432909011841
189,9.08601323426291,53.65767136193079,32813,6.066296339035034
190,9.08601323423533,55.40764706201595,32982,6.09636116027832
191,9.086013234233079,52.389264763032884,33151,6.126067161560059
192,9.086013234218978,55.90812630249072,33320,6.155303478240967
193,9.086013234196693,10.55107396560576,33485,6.182786226272583
194,9.086013234182902,51.99188382600308,33654,6.214261770248413
195,9.086013234169,11.094879440797639,33819,6.243377685546875
196,9.086013234141781,56.66101319240995,33988,6.274884462356567
197,9.086013234136527,12.149327645165755,34153,6.306962251663208
198,9.086013234113512,58.36347839455955,34322,6.335577011108398
199,9.086013234101932,59.638981343324936,34491,6.367546796798706
200,9.086013234098795,57.67929553632419,34657,6.395718574523926
201,9.086013234089382,10.877908152291907,34819,6.423805236816406
202,9.086013234068284,63.025660791781924,34985,6.453312158584595
203,9.086013234063744,59.523886977343594,35151,6.483623743057251
204,9.086013234049291,65.45182131371975,35317,6.5124640464782715
205,9.086013234046352,10.980288328897302,35479,6.541269302368164
206,9.086013234033416,57.03343541494295,35645,6.569419622421265
207,9.086013234029103,10.566150057683469,35807,6.596464395523071
208,9.086013234025268,60.55589243124142,35973,6.62535834312439
209,9.086013234016798,60.27073479641798,36139,6.653308391571045
210,9.086013234011395,10.562201900935285,36301,6.681185722351074
211,9.086013234007487,58.958593629825764,36467,6.710591554641724
212,9.086013234002802,10.931997262542628,36629,6.740330457687378
213,9.086013233997091,63.40515309159217,36795,6.768703937530518
214,9.086013233991723,10.707169655593406,36957,6.797515153884888
215,9.08601323398815,51.780052265008095,37123,6.825853109359741
216,9.086013233982436,10.759626776599008,37285,6.855884552001953
217,9.086013233981642,52.4450594916811,37451,6.886895656585693
218,9.086013233979735,13.048197860128717,37613,6.917641639709473
219,9.08601323397709,54.40598089611438,37779,6.947572946548462
220,9.08601323397575,10.807463310865186,37941,6.977062702178955
221,9.086013233973318,46.38969057423104,38107,7.007633209228516
222,9.086013233971405,11.99898637676432,38269,7.038862705230713
223,9.086013233967678,54.62605577379821,38435,7.079721212387085
224,9.086013233967174,55.12071806413964,38601,7.113110780715942
225,9.086013233965874,10.953266234160706,38763,7.147132158279419
226,9.086013233964566,53.34838348277351,38929,7.177248477935791
227,9.08601323396277,61.08886784346731,39095,7.208498239517212
228,9.086013233962623,51.59158664237907,39261,7.239564657211304
229,9.086013233960987,54.37485927140927,39427,7.271949768066406
230,9.086013233960374,58.357459618933945,39593,7.306745529174805
231,9.086013233958905,55.89858848458826,39759,7.336361885070801
232,9.086013233958182,49.197697287129685,39925,7.365320682525635
233,9.086013233957868,10.306974601993582,40087,7.393669128417969
234,9.086013233957482,56.67930793999984,40253,7.4266462326049805
235,9.086013233957356,11.029842907493798,40415,7.457520008087158
236,9.086013233956482,57.13513782611273,40581,7.488902807235718
237,9.086013233956175,61.98088566587788,40747,7.5191428661346436
238,9.086013233956175,10.873118127394276,40906,7.5491838455200195
239,9.086013233955354,63.493470940202734,41069,7.581336498260498
240,9.086013233955354,58.8700755777948,41232,7.613604784011841
241,9.086013233955072,10.696499727300917,41391,7.643310308456421
242,9.08601323395449,55.769626752976784,41554,7.67265772819519
243,9.086013233953908,10.938592299981147,41713,7.702195405960083
244,9.086013233953624,59.33759410768923,41876,7.7316975593566895
245,9.086013233952867,57.68566514610558,42039,7.760641574859619
246,9.086013233952752,11.525297799709259,42198,7.79192852973938
247,9.086013233952464,52.31734594562935,42361,7.822187662124634
248,9.086013233952047,10.983812912337836,42520,7.851434230804443
249,9.086013233951693,46.92582905242288,42683,7.881619453430176
250,9.086013233951288,11.035959693017295,42842,7.908671855926514
251,9.0860132339507,45.71437585669449,43005,7.937142610549927
252,9.086013233950284,58.53763838799105,43168,7.966108560562134
253,9.086013233950268,17.514213667772566,43327,7.995628595352173
254,9.086013233949767,64.87935359179059,43490,8.026163339614868
255,9.086013233949691,12.835977492635305,43649,8.055170774459839
256,9.08601323394933,59.457683179058996,43812,8.083927154541016
257,9.08601323394903,10.757809033074821,43971,8.113152265548706
258,9.086013233948657,62.11126292512574,44134,8.142064809799194
259,9.086013233948437,54.7295583354083,44297,8.169286489486694
260,9.086013233948378,10.928005780834482,44456,8.197126150131226
261,9.086013233948083,53.51679487690994,44619,8.225979089736938
262,9.086013233948083,12.636299268071497,44778,8.255519151687622
263,9.08601323394799,55.641764807720634,44941,8.285610914230347
264,9.086013233947789,46.091620071572265,45104,8.312559843063354
265,9.086013233947675,59.141960148678464,45267,8.340633630752563
266,9.086013233947675,50.97406984317543,45430,8.36924958229065
267,9.08601323394758,60.560964396871746,45593,8.396950483322144
268,9.08601323394751,11.58713591914512,45752,8.4247305393219
269,9.086013233947371,52.38940092727982,45915,8.452303647994995
270,9.086013233947323,53.58005173282815,46078,8.480823040008545
271,9.086013233947208,10.538966413221702,46237,8.50848126411438
272,9.086013233947098,55.33761358280335,46400,8.53566288948059
273,9.086013233947048,61.685633710232075,46563,8.563549995422363
274,9.086013233946902,11.018401703708932,46722,8.592698335647583
275,9.086013233946844,55.14658193988369,46885,8.621148586273193
276,9.086013233946801,9.709697313607425,47041,8.649277210235596
277,9.086013233946748,57.206573427700896,47201,8.676042079925537
278,9.086013233946712,10.818687996685846,47357,8.702747583389282
279,9.086013233946598,58.88919981452087,47517,8.729979991912842
280,9.086013233946582,55.52807870588568,47677,8.758076667785645
281,9.0860132339465,50.26937317723083,47837,8.786428451538086
282,9.086013233946483,10.695597488860711,47993,8.814748048782349
283,9.086013233946483,56.75806779270658,48153,8.846544742584229
284,9.086013233946428,9.991684348374537,48309,8.874227046966553
285,9.086013233946403,57.632114345657826,48469,8.90424394607544
286,9.086013233946403,61.16197480739588,48629,8.932888984680176
287,9.086013233946336,55.85254067088528,48789,8.961170196533203
288,9.086013233946305,10.23643758041509,48945,8.989294528961182
289,9.086013233946295,56.90038419714696,49105,9.018221616744995
290,9.08601323394625,53.65365482898029,49265,9.046316862106323
291,9.086013233946217,54.23875432287742,49425,9.073149919509888
292,9.086013233946199,53.71994150359015,49585,9.10085678100586
293,9.08601323394615,59.02745632562857,49745,9.130808115005493
294,9.08601323394615,61.03118516268766,49905,9.15962028503418
295,9.08601323394611,12.404771654881175,50061,9.188427209854126
296,9.086013233946098,59.63714824800333,50221,9.217966794967651
297,9.086013233946098,10.695755698306225,50377,9.24603009223938
298,9.086013233946064,56.17308139030384,50537,9.27478575706482
299,9.086013233946055,59.82999703010853,50697,9.300369262695312
300,9.086013233946039,10.442365826144414,50853,9.328813076019287
301,9.086013233946023,58.40268304287009,51013,9.357136726379395
302,9.086013233946016,13.521974693131444,51169,9.387356758117676
303,9.086013233946005,61.38852155899242,51329,9.416563272476196
304,9.086013233945962,56.89662877234535,51489,9.44419002532959
305,9.086013233945955,10.649063198482395,51645,9.470091581344604
306,9.086013233945927,58.449418522612824,51805,9.497913837432861
307,9.086013233945925,11.175952479493198,51961,9.527283906936646
308,9.086013233945902,52.74852351334536,52121,9.555121183395386
309,9.08601323394587,61.72439068259023,52281,9.581109762191772
310,9.08601323394587,10.681936877009246,52437,9.608168840408325
311,9.086013233945854,61.65252905863776,52597,9.63551139831543
312,9.086013233945847,50.39448498584372,52757,9.66306757926941
313,9.086013233945838,11.04428845297377,52913,9.690319061279297
314,9.08601323394583,60.8524998864154,53073,9.718518495559692
315,9.086013233945826,56.260114727150516,53233,9.747282028198242
316,9.086013233945817,58.32491162336579,53390,9.774642944335938
317,9.086013233945788,58.34234837883804,53547,9.801326990127563
318,9.08601323394578,12.185331244331948,53700,9.83086895942688
319,9.086013233945774,57.13639314897493,53857,9.85938835144043
320,9.086013233945753,60.61905679591275,54014,9.885764837265015
321,9.086013233945748,12.391704901552956,54167,9.912230491638184
322,9.086013233945733,54.32450066659206,54324,9.938862562179565
323,9.086013233945723,60.68368556598807,54481,9.965739727020264
324,9.086013233945717,10.474903602380566,54634,9.993215560913086
325,9.086013233945692,59.431916952707304,54791,10.021764039993286
326,9.086013233945692,10.441954106080784,54944,10.051600456237793
327,9.08601323394568,61.53224629101299,55101,10.081907987594604
328,9.086013233945677,12.009645352465938,55254,10.110472440719604
329,9.086013233945655,58.90949498919051,55411,10.144712209701538
330,9.086013233945655,64.2335161306904,55568,10.172648191452026
331,9.086013233945643,10.678776829212584,55721,10.200610160827637
332,9.086013233945627,62.48728198706367,55878,10.230338335037231
333,9.086013233945625,12.050775221786363,56031,10.258421897888184
334,9.086013233945614,9.208360461837296,56184,10.284777641296387
335,9.086013233945604,64.30425335826692,56341,10.314366102218628
336,9.08601323394559,58.339967964449976,56498,10.343673706054688
337,9.08601323394559,11.00553159611714,56651,10.372405052185059
338,9.086013233945586,58.54732767340533,56808,10.399077892303467
339,9.086013233945584,51.42366226830833,56965,10.424978971481323
340,9.086013233945582,56.961793265744426,57122,10.451067447662354
341,9.086013233945573,10.663713241288134,57275,10.47825837135315
342,9.086013233945573,40.25224442345534,57431,10.505062341690063
343,9.08601323394557,48.58418462990073,57587,10.530913829803467
344,9.086013233945563,49.091497527139765,57743,10.555987119674683
345,9.086013233945557,44.31998429817741,57899,10.581400156021118
346,9.086013233945557,39.170955961256304,58055,10.607171058654785
347,9.08601323394555,45.40012684035406,58211,10.63520884513855
348,9.086013233945545,10.50038965685643,58364,10.663671970367432
349,9.086013233945543,53.12302810297582,58520,10.692922115325928
350,9.08601323394554,49.7973680522576,58676,10.721601724624634
351,9.08601323394554,10.963495898869605,58829,10.752826690673828
352,9.086013233945536,46.27167899326578,58985,10.783724784851074
353,9.086013233945533,43.78566171640087,59141,10.811601638793945
354,9.086013233945533,42.63600975269754,59297,10.839210748672485
355,9.086013233945529,44.917342357522,59453,10.8661048412323
356,9.086013233945527,44.833140743604524,59606,10.894629001617432
357,9.086013233945524,50.449844042879675,59759,10.921704530715942
358,9.086013233945524,10.642002399465019,59909,10.94797158241272
359,9.08601323394552,41.72046892356145,60062,10.973517656326294
360,9.086013233945517,43.7775251392438,60215,11.000564813613892
361,9.086013233945517,52.02249471086494,60368,11.028562545776367
362,9.086013233945515,50.58472721917392,60521,11.05453610420227
363,9.086013233945515,10.298458278002538,60671,11.079545736312866
364,9.086013233945513,44.23467771017785,60824,11.106346845626831
365,9.08601323394551,44.681272513644075,60977,11.134530544281006
366,9.08601323394551,49.61812634228851,61130,11.163662433624268
367,9.086013233945504,40.838293623313355,61283,11.192855596542358
368,9.086013233945502,50.75307593371655,61436,11.219097137451172
369,9.086013233945499,10.614978016783303,61586,11.24614143371582
370,9.086013233945495,51.65372154162871,61739,11.270694255828857
371,9.086013233945494,50.915216292083045,61892,11.296133518218994
372,9.08601323394549,12.270218673516183,62042,11.32337212562561
373,9.08601323394548,45.395603257251366,62195,11.34900689125061
374,9.08601323394548,47.08444548576048,62348,11.375078439712524
375,9.086013233945474,48.69697899022447,62501,11.404156684875488
376,9.086013233945469,48.26830575146249,62654,11.429131984710693
377,9.086013233945469,44.947177096872785,62807,11.456769227981567
378,9.086013233945467,44.69128827522181,62960,11.484201669692993
379,9.086013233945465,44.77312556650561,63113,11.510380744934082
380,9.086013233945463,44.39793766960792,63266,11.535261869430542
381,9.086013233945456,45.21611420769368,63419,11.560574769973755
382,9.086013233945453,44.38593276024872,63572,11.589842796325684
383,9.086013233945453,10.225198304421413,63722,11.615909576416016
384,9.08601323394545,45.276536522944646,63875,11.641402006149292
385,9.086013233945447,47.4829230389478,64028,11.665406465530396
386,9.086013233945444,53.758311020493146,64181,11.691881895065308
387,9.086013233945442,10.370330806556623,64331,11.71863055229187
388,9.086013233945438,50.7316982167499,64484,11.74536681175232
389,9.086013233945435,48.11672786529642,64637,11.771599292755127
390,9.086013233945433,10.24992014543021,64787,11.809907913208008
391,9.086013233945428,47.684175594715,64940,11.848031997680664
392,9.086013233945426,46.61702018017497,65093,11.878579378128052
393,9.086013233945426,10.24281027882462,65243,11.908302545547485
394,9.086013233945419,49.18666665459855,65396,11.935985326766968
395,9.086013233945419,51.38972578544641,65549,11.964029550552368
396,9.086013233945417,46.50125115592325,65702,11.992302656173706
397,9.086013233945412,10.208709258450241,65849,12.019205331802368
398,9.086013233945412,45.18524973384513,65999,12.04636001586914
399,9.086013233945412,54.40814316172349,66149,12.071668148040771
400,9.08601323394541,10.764093930283586,66296,12.100620985031128
401,9.086013233945401,52.89736824642251,66446,12.130798578262329
402,9.086013233945401,51.95484338309643,66596,12.158915281295776
403,9.086013233945394,51.060567068234356,66746,12.18492603302002
404,9.086013233945383,45.65300211076031,66896,12.20963978767395
405,9.086013233945383,9.93919693685642,67043,12.23552393913269
406,9.08601323394538,42.911122703466454,67193,12.262552499771118
407,9.08601323394538,10.256220816166179,67340,12.29163408279419
408,9.086013233945376,45.69318405301875,67490,12.317379474639893
409,9.08601323394537,9.843803055083125,67637,12.343147993087769
410,9.018387261863328,9.08463311206615,67784,12.3666353225708
411,8.047395793933152,8.794219548434858,67931,12.393655061721802
412,8.047354664908525,8.299313936541065,68078,12.420265913009644
413,8.044695481341089,8.098466687256241,68225,12.445937395095825
414,8.044686338749266,8.048528183173433,68372,12.470945358276367
415,8.044683965887685,8.04512091076494,68519,12.497486591339111
416,8.044681243237124,8.044733244231786,68666,12.522316694259644
417,8.044681107346033,8.044685591204226,68813,12.549441814422607
418,8.044681051369283,8.044681906991743,68960,12.576567649841309
419,8.0446808852516,44.65700029699599,69110,12.602933645248413
420,8.044680544815556,38.12861644286059,69260,12.629634618759155
421,8.044680544815556,9.074757366570022,69407,12.65618109703064
422,8.044680021882355,50.16327680367198,69557,12.681423902511597
423,8.044679944036211,46.61961825928138,69707,12.707414150238037
424,8.04467967722915,15.759498153615029,69854,12.733596086502075
425,8.04467938462434,41.93433355674992,70004,12.760043859481812
426,8.044679209297877,51.74912373876133,70154,12.786164999008179
427,8.044678948976516,49.35195686328947,70304,12.812972068786621
428,8.044678708618633,9.15203021336947,70451,12.838942050933838
429,8.044678393259522,50.81021823838895,70601,12.865508079528809
430,8.04467819810546,41.685604067758085,70751,12.89296555519104
431,8.04467791237453,54.67428629124612,70901,12.918692350387573
432,8.044677681397744,43.13507299373286,71051,12.944525718688965
433,8.04467741588874,9.00913695841658,71198,12.968616485595703
434,8.04467716649096,46.41121137123609,71348,12.994016170501709
435,8.044676955370145,9.161664293580785,71495,13.018660306930542
436,8.044676726146468,43.93694372906405,71645,13.044354438781738
437,8.04467651849322,46.16817627481795,71795,13.070815801620483
438,8.044676481760138,44.46175987567231,71945,13.097668409347534
439,8.044676302493277,50.279740965378885,72092,13.12412691116333
440,8.04467612599136,54.48079708621986,72239,13.151610374450684
441,8.044675858025384,42.27889165892876,72386,13.17609429359436
442,8.044675768899706,43.696095737885564,72533,13.201066732406616
443,8.04467573140225,48.18631879331965,72680,13.226062059402466
444,8.04467561975327,50.79916350905008,72827,13.250226020812988
445,8.044675524690529,9.392116999420535,72971,13.274331331253052
446,8.044675413781489,44.68033693249381,73118,13.299472332000732
447,8.044675389569628,9.116001790680793,73262,13.326119899749756
448,8.044675300335276,43.53020531919284,73409,13.3493173122406
449,8.04467526395647,9.01795714243982,73553,13.376475095748901
450,8.044675182443461,52.69525850784857,73700,13.401830434799194
451,8.044675157272222,48.84000961976151,73847,13.427430868148804
452,8.044675122530649,47.31761725749434,73994,13.452623844146729
453,8.04467506403741,9.572221285725751,74138,13.476843118667603
454,8.044675043132303,51.20662678829468,74285,13.502435684204102
455,8.044675043132303,9.31270291947888,74429,13.526742696762085
456,8.044674977393234,47.665397356690534,74576,13.552277565002441
457,8.0446749486604,41.22492404319806,74723,13.57675290107727
458,8.044674911915932,44.35624120172549,74870,13.600487232208252
459,8.044674893498247,8.811598765285106,75014,13.62732982635498
460,8.044674861096645,45.35457539586576,75161,13.651925325393677
461,8.044674826380772,9.336665022190344,75305,13.677215576171875
462,8.044674816406776,52.19576379962314,75452,13.70257568359375
463,8.044674774256936,46.05846659421127,75599,13.726168155670166
464,8.044674728062548,47.24290221052868,75746,13.755715608596802
465,8.044674703287752,9.151486524418834,75890,13.780609130859375
466,8.044674660777131,47.63070417553946,76037,13.805041551589966
467,8.044674638063771,8.747736760946713,76181,13.830119132995605
468,8.044674578830106,47.0193125076722,76328,13.857829332351685
469,8.04467456391158,50.25248306137795,76475,13.886200666427612
470,8.044674533574804,9.231307254343664,76619,13.912548065185547
471,8.044674456760845,51.39910979833931,76766,13.938252449035645
472,8.044674403713689,41.934832097431155,76913,13.96357774734497
473,8.044674385516267,8.91778597932929,77057,13.988831758499146
474,8.04467433005348,43.61975785732665,77204,14.013142347335815
475,8.044674266009697,46.44904866955207,77351,14.038289308547974
476,8.044674207389177,47.21903666525145,77498,14.06365704536438
477,8.044674183692937,10.646100543898827,77642,14.090645790100098
478,8.044674083986006,46.99315231283825,77789,14.115059852600098
479,8.044674049922346,9.664577709952285,77933,14.140016317367554
480,8.044674024366792,46.304323509610185,78080,14.166198253631592
481,8.044673927626718,46.621516630909,78227,14.193413019180298
482,8.04467386946318,56.86746083564508,78371,14.215757369995117
483,8.04467385221084,50.49611310010529,78515,14.24052882194519
484,8.044673812472661,49.42993238017106,78659,14.263600826263428
485,8.044673772083573,45.3564586921263,78803,14.286839723587036
486,8.044673688621861,8.853194344813511,78944,14.311381340026855
487,8.044673688621861,48.53857005340609,79088,14.335208415985107
488,8.044673641772484,44.75778478508747,79232,14.35939645767212
489,8.044673618113936,44.45801411973137,79376,14.382652759552002
490,8.044673557707613,48.62729711710049,79520,14.407111883163452
491,8.044673529048957,44.59465439947345,79664,14.430349588394165
492,8.044673509747941,39.86143749050828,79808,14.455709218978882
493,8.044673484689925,58.00651688849617,79952,14.48064136505127
494,8.044673417804413,41.42656230342778,80096,14.504940748214722
495,8.044673417804413,44.78152592073467,80240,14.528445482254028
496,8.04467340603742,45.66958410761559,80384,14.551954507827759
497,8.044673369017993,50.260153189366086,80528,14.576618909835815
498,8.044673344760955,11.510832408194064,80669,14.601276159286499
499,8.044673344760955,43.89316656224322,80813,14.62664532661438
500,8.044673290038752,10.472347523637644,80954,14.651477098464966
501,8.044673290038752,44.4756762194318,81098,14.677367210388184
502,8.044673279058834,10.763825825693882,81239,14.701429843902588
503,8.04467322518817,46.18367435096168,81383,14.725677013397217
504,8.044673198042815,43.82533430926233,81527,14.751625537872314
505,8.044673160897,42.439256144701275,81671,14.775899171829224
506,8.044673118689207,8.147377988068559,81812,14.800641059875488
507,8.044673093041459,44.60623302822438,81956,14.825613498687744
508,8.044673077503727,8.165552280684206,82097,14.85153841972351
509,8.044673029621208,52.52071297195455,82241,14.875706195831299
510,8.044658207181568,46.371289000177114,82385,14.901253700256348
511,8.044658207181568,49.91928919553683,82529,14.925030708312988
512,8.04465283751163,45.39236816569426,82673,14.948152542114258
513,8.044642418758357,8.044654939209018,82814,14.971508026123047
514,8.04462585845353,8.044643449128525,82955,14.997296333312988
515,8.04460950026988,8.04462923829704,83096,15.021005153656006
516,8.044593506312852,8.044614778615701,83237,15.045575380325317
517,8.044579864780527,8.044599705555482,83378,15.069791555404663
518,8.044561956048833,8.044586515156487,83519,15.095125675201416
519,8.04454790740036,8.044570781822788,83660,15.119486808776855
520,8.044528870847179,8.044554317441158,83801,15.146407127380371
521,8.044516381101984,8.044540436413248,83942,15.169867515563965
522,8.04450225666499,8.044528918151826,84083,15.196783065795898
523,8.044482739862856,8.04451924362392,84224,15.220767259597778
524,8.044470055379525,8.044506263875526,84365,15.244287729263306
525,8.044452343544156,8.044493190795196,84506,15.266372203826904
526,8.044441472913704,8.04447768179145,84644,15.290411472320557
527,8.044408099682597,8.044462705987629,84782,15.313467502593994
528,8.044408099682597,8.044446692542929,84920,15.33699655532837
529,8.044388446393677,8.044427938157636,85058,15.359992027282715
530,8.04438343789739,8.04441100168161,85196,15.384607553482056
531,8.044364912253622,8.044404285553503,85334,15.40737795829773
532,8.044348834199063,8.044392116652864,85472,15.429627895355225
533,8.044322715253665,8.04437794028142,85610,15.453932046890259
534,8.044297937528734,8.04435922808383,85748,15.478581666946411
535,8.044297937528734,8.044337092576836,85886,15.502494812011719
536,8.044243787090045,8.044323404785427,86024,15.525329828262329
537,8.04423875083338,8.04430282510283,86162,15.54695749282837
538,8.044222851062004,8.044280646810508,86300,15.570106267929077
539,8.044180100397993,8.04426143937097,86438,15.594988584518433
540,8.044160438297443,8.044239907454562,86576,15.618565797805786
541,8.044140972906073,8.044214412613016,86714,15.642415046691895
542,8.04408220527244,8.044180681349468,86852,15.665199279785156
543,8.044036011280946,8.044136647348946,86990,15.688596487045288
544,8.04391931172653,8.044085533585735,87128,15.711536169052124
545,8.043857532657544,8.044022006671284,87266,15.73403024673462
546,8.043787659784416,8.043939061331942,87404,15.7569420337677
547,8.043690258470404,8.04388026716762,87542,15.780499458312988
548,8.04364926867964,8.043808490612916,87680,15.802985668182373
549,8.04364926867964,8.043760385944687,87818,15.826673746109009
550,8.043536846477918,8.043693229584669,87956,15.850304365158081
551,8.043484746781104,8.043634902655462,88094,15.877145767211914
552,8.043454976136937,8.043587259226582,88232,15.900838851928711
553,8.043378784981769,8.04352564316385,88370,15.924281120300293
554,8.043322209363232,8.043463078778407,88508,15.94852614402771
555,8.043221259630027,8.043400934596024,88646,15.970919132232666
556,8.043060123611486,8.043330584268144,88784,15.994339942932129
557,8.042803911739266,8.043190005952118,88922,16.018973350524902
558,8.042658683057047,8.043025115640999,89060,16.04497766494751
559,8.042370522243333,8.042837235049626,89198,16.068345546722412
560,8.042213427141748,8.042680547503688,89336,16.091591358184814
561,8.041926536762764,8.042506720872082,89474,16.115160942077637
562,8.041869003329468,8.042349020824123,89612,16.141002655029297
563,8.04170668713412,8.042195677729357,89750,16.164874792099
564,8.04166681275364,8.042056919424951,89888,16.189679384231567
565,8.041454852049217,8.041931319784762,90026,16.21301031112671
566,8.041240784839239,8.041750635287855,90164,16.236887216567993
567,8.040907302861397,8.041531160199614,90302,16.261110067367554
568,8.0406223798068,8.041347316083147,90440,16.28362250328064
569,8.0406223798068,8.041176431912389,90578,16.308505296707153
570,8.040467227246324,8.040958624497843,90716,16.33123016357422
571,8.040279789340014,8.040775221833282,90851,16.353989362716675
572,8.039577877647393,8.040515384762944,90986,16.37802267074585
573,8.039577877647393,8.040243579192854,91121,16.399344444274902
574,8.03893729197978,8.039972181961343,91256,16.423522472381592
575,8.03893729197978,8.03970167091114,91391,16.447802305221558
576,8.03857283264651,8.039416000137976,91526,16.470725059509277
577,8.03809259334153,8.039135550715857,91661,16.494260787963867
578,8.03809259334153,8.038830047479696,91796,16.517413854599
579,8.037872039190784,8.038594035592597,91931,16.5408878326416
580,8.037613669566383,8.038374066391189,92066,16.56586718559265
581,8.037606539531769,8.038177655997362,92201,16.5899920463562
582,8.037222663238023,8.037970603520982,92336,16.613187074661255
583,8.03668772036815,8.037703777407911,92471,16.63780951499939
584,8.036136554673648,8.037403793608032,92606,16.660117387771606
585,8.035223099113159,8.036816183835375,92741,16.683162450790405
586,8.035079034025204,8.036267305372236,92876,16.706897735595703
587,8.034304936965663,8.035750984771898,93011,16.72862410545349
588,8.034150443691638,8.035302017429977,93146,16.75036931037903
589,8.033644992948812,8.034821334619961,93281,16.772793292999268
590,8.03315071140834,8.034263530014105,93416,16.794464349746704
591,8.032150247302386,8.033684223367558,93551,16.81651282310486
592,8.031202375430553,8.033151829880202,93686,16.843143224716187
593,8.03081378317312,8.03260493580903,93821,16.86677646636963
594,8.030259510248484,8.031905657125451,93956,16.88953447341919
595,8.029470507308833,8.031270803260048,94091,16.913434267044067
596,8.028115370914149,8.030599544630604,94226,16.937068939208984
597,8.026811169221846,8.029547693612063,94361,16.96002507209778
598,8.026147000703858,8.028423416685836,94496,16.98273229598999
599,8.025547822892975,8.02752854969654,94631,17.005998134613037
600,8.02528156350538,8.026958744720803,94766,17.02890682220459
601,8.023898234905888,8.026129955552285,94901,17.054261684417725
602,8.023421339990412,8.025371602056467,95036,17.07552695274353
603,8.022407838608666,8.024569714326335,95171,17.09951686859131
604,8.020978473262721,8.023814266211865,95306,17.123720169067383
605,8.020978473262721,8.023056357940114,95441,17.14935612678528
606,8.019725154538532,8.021957518231732,95576,17.17160940170288
607,8.018711742705849,8.021253292307723,95711,17.19617772102356
608,8.017433645953332,8.020354247644043,95846,17.218490839004517
609,8.016931532382268,8.019318873929192,95981,17.242600917816162
610,8.016931532382268,8.018526195865558,96116,17.265300035476685
611,8.016378811188527,8.017805232430732,96251,17.28855848312378
612,8.014958130372031,8.017091859090794,96386,17.311444997787476
613,8.014587506226938,8.016354678399333,96521,17.33585834503174
614,8.014587506226938,8.015790323576278,96656,17.357489347457886
615,8.013825324416535,8.015289507775377,96791,17.37921690940857
616,8.012995315866629,8.014680718590608,96926,17.401368856430054
617,8.01223597735466,8.013873306731538,97058,17.424768209457397
618,8.011251471391194,8.013248061520322,97190,17.446363925933838
619,8.010239289772956,8.012427123091369,97322,17.469117164611816
620,8.008601060050289,8.011637529273687,97454,17.490713357925415
621,8.007431496900114,8.01026225698738,97586,17.512907028198242
622,8.006409581075188,8.00885148832405,97718,17.535637140274048
623,8.003956391927453,8.00760521854727,97850,17.558414697647095
624,8.00329960033963,8.006333107981618,97982,17.579663515090942
625,8.000393209982281,8.005083387454823,98114,17.601633548736572
626,7.9995983957620735,8.003838139891332,98246,17.624549627304077
627,7.997524233815688,8.001935614359013,98378,17.646790742874146
628,7.996535727788478,8.000416607404443,98510,17.668833255767822
629,7.99341538546979,7.997965106451006,98642,17.69125723838806
630,7.990366153477861,7.996015490281784,98774,17.71415400505066
631,7.989754461517665,7.994127932125749,98906,17.738160371780396
632,7.988920832105179,7.9925657536043415,99038,17.761205673217773
633,7.987458043890892,7.991038588636289,99170,17.78238320350647
634,7.986542882658794,7.9898539414843235,99302,17.805811166763306
635,7.984247398417996,7.9886249763135,99434,17.828589916229248
636,7.982303366665285,7.987238443344477,99566,17.85379385948181
637,7.980430713536929,7.985532197462129,99698,17.876145124435425
638,7.9792305449929,7.983982267096008,99830,17.900882720947266
639,7.975011820050373,7.981975866832315,99962,17.92614197731018
640,7.974695224123728,7.980058642384711,100094,17.948657035827637
641,7.969839697879671,7.9770618103779105,100226,17.97162628173828
642,7.9667423059380615,7.974092984794416,100358,17.994845867156982
643,7.962772556430544,7.970804219100142,100490,18.017213582992554
644,7.955650524474941,7.967333134897126,100622,18.039268255233765
645,7.9552779715261694,7.9640732426366645,100754,18.06079077720642
646,7.950504659326207,7.9610904465105525,100886,18.08210825920105
647,7.949942970707807,7.958193739182527,101018,18.10371708869934
648,7.946666549450623,7.955671085247815,101150,18.127918481826782
649,7.945955007652357,7.952015620378353,101282,18.150246381759644
650,7.943478557169564,7.949450160667549,101414,18.173516511917114
651,7.939253342156063,7.9476054569321715,101546,18.197843313217163
652,7.938749436433432,7.945185992604811,101678,18.22060465812683
653,7.938313019372519,7.943145310531398,101810,18.245949506759644
654,7.935355750094739,7.941149055189948,101942,18.2675359249115
655,7.935355750094739,7.939303156913937,102074,18.29214334487915
656,7.934124487753349,7.937842425986051,102206,18.3172869682312
657,7.933608160763567,7.936768540145741,102338,18.342674255371094
658,7.933608160763567,7.935852411486098,102470,18.364558219909668
659,7.932462328525352,7.935091104003977,102602,18.386778354644775
660,7.9319571907659725,7.934421494581813,102734,18.40821385383606
661,7.931332623685638,7.933845514445901,102866,18.430262327194214
662,7.931253163968702,7.932948848818923,102998,18.452427864074707
663,7.931087735766476,7.9324176968688995,103130,18.47628116607666
664,7.930098884591809,7.931710896584935,103259,18.497503757476807
665,7.9298919154454905,7.931255639983909,103388,18.51959991455078
666,7.929517357739631,7.9307163993678245,103517,18.542242527008057
667,7.9293767830195385,7.930236156231785,103646,18.563026666641235
668,7.92925611636157,7.9299726094095515,103775,18.584473848342896
669,7.929087566141046,7.929659276926816,103904,18.607686758041382
670,7.928791792038719,7.929372800705482,104033,18.629433155059814
671,7.928791792038719,7.929172766901518,104162,18.653289556503296
672,7.928726258507757,7.929045636675383,104291,18.674641132354736
673,7.928658285879523,7.928965068451703,104420,18.69651436805725
674,7.928450704010241,7.928832269801206,104549,18.718512296676636
675,7.928303004874728,7.928681708813263,104678,18.739142656326294
676,7.928182110997686,7.928550456716897,104807,18.761229991912842
677,7.928182110997686,7.928447785518442,104936,18.781280994415283
678,7.928161323855012,7.928361530739922,105065,18.8027126789093
679,7.928042414339926,7.928281003860978,105194,18.824286937713623
680,7.9280070673387995,7.9281837333398295,105323,18.848764181137085
681,7.927848428297559,7.928082885561131,105452,18.87316083908081
682,7.927792594913634,7.927985294658491,105581,18.894962072372437
683,7.927688741742343,7.927892329516531,105710,18.9170880317688
684,7.927655700575752,7.927814667689885,105839,18.93978452682495
685,7.9275880812891435,7.9277502595799465,105968,18.962130069732666
686,7.927495054723695,7.927681381352521,106097,18.98418092727661
687,7.927476255136368,7.927623962818484,106226,19.004976749420166
688,7.927426124925726,7.9275467328839415,106355,19.0265109539032
689,7.927353581002896,7.9274983948531546,106484,19.0479576587677
690,7.9272662926546635,7.927440131933397,106613,19.069218635559082
691,7.92721529712281,7.927386215730508,106742,19.089599132537842
692,7.927021595031214,7.9272925589369505,106871,19.11146330833435
693,7.927021595031214,7.927203527043964,107000,19.13561749458313
694,7.926958152864134,7.9271224958143875,107129,19.157092332839966
695,7.926890245430977,7.9270526452710195,107258,19.177874326705933
696,7.92685206005943,7.926988014381629,107387,19.199978828430176
697,7.926766285556349,7.9269236569222645,107516,19.22206163406372
698,7.926711413564443,7.926869210719393,107645,19.241779088974
699,7.926711413564443,7.926814865663942,107774,19.26282238960266
700,7.926556624799117,7.926771206840283,107903,19.284508228302002
701,7.926508039589526,7.926711464408691,108032,19.30656385421753
702,7.926491068985582,7.926633294826397,108161,19.32802987098694
703,7.926461847127126,7.926575647705376,108290,19.348809003829956
704,7.926390092200149,7.926521684745967,108419,19.369823932647705
705,7.926331069089139,7.926475209257633,108548,19.390172004699707
706,7.926326532665167,7.926421851631408,108677,19.412030935287476
707,7.926159489400991,7.926364975450294,108806,19.435431241989136
708,7.926109802625303,7.926287887124991,108935,19.458251237869263
709,7.926001215407319,7.926215801447679,109064,19.481592416763306
710,7.925884369730779,7.926154087065491,109193,19.50277018547058
711,7.92577614355194,7.926076087717904,109322,19.524107694625854
712,7.92577614355194,7.9260090287816425,109451,19.544837713241577
713,7.925735399246494,7.92591677627964,109577,19.56542205810547
714,7.92563786622227,7.925839596679881,109703,19.586354970932007
715,7.925599345141709,7.9257565670569345,109829,19.607844591140747
716,7.925458600424792,7.925670865484132,109955,19.62868618965149
717,7.925435046415402,7.925613709015387,110081,19.648694276809692
718,7.925418235938724,7.925535694475188,110207,19.670164108276367
719,7.9251995235309876,7.925465297450411,110333,19.691659212112427
720,7.9251995235309876,7.925384128887755,110459,19.71159863471985
721,7.925159660986437,7.92530624720806,110585,19.731793642044067
722,7.925016815598256,7.925227000655195,110711,19.75231957435608
723,7.924887478862899,7.9251449315050575,110837,19.77260160446167
724,7.924846687299032,7.925042571509961,110963,19.796232223510742
725,7.92461617408595,7.924944059370576,111089,19.817439317703247
726,7.924509709273693,7.924826797275353,111215,19.838773727416992
727,7.924484974648911,7.924697871626141,111341,19.861192226409912
728,7.924310629533841,7.924565623640289,111467,19.883753538131714
729,7.9242270386606855,7.924453818420958,111593,19.90364170074463
730,7.923773554847585,7.924309525805176,111719,19.924259424209595
731,7.923773554847585,7.924158482628695,111845,19.944756031036377
732,7.923737970065687,7.924011705213062,111971,19.96410608291626
733,7.923524741532894,7.923907918460543,112097,19.985908269882202
734,7.923326272523137,7.923774373755818,112223,20.008687496185303
735,7.923101282071356,7.923593253729414,112349,20.031083345413208
736,7.922825656916446,7.923397334751105,112475,20.0516300201416
737,7.922825656916446,7.923201479039299,112601,20.072913885116577
738,7.92260820786253,7.923028469231541,112727,20.092836380004883
739,7.92211125002736,7.922841281369223,112853,20.11425256729126
740,7.921882113253646,7.922580195991716,112979,20.137237071990967
741,7.921818540041445,7.922348689489985,113105,20.159611701965332
742,7.921413818118229,7.922119919485012,113231,20.181568145751953
743,7.92121546832774,7.9218449422207655,113357,20.203085899353027
744,7.920925942071241,7.92155596995966,113483,20.224743843078613
745,7.92079404425872,7.921326618232658,113609,20.246002674102783
746,7.920223982918465,7.921101058448959,113735,20.26860022544861
747,7.920158006494408,7.920871548215047,113861,20.28898787498474
748,7.91973045997269,7.9206458870659215,113987,20.310461282730103
749,7.91973045997269,7.9203926600060255,114113,20.332632064819336
750,7.919145487722304,7.920068131188872,114239,20.354482412338257
751,7.91897295091107,7.919739154247896,114365,20.37799310684204
752,7.918190200223467,7.919344417382258,114491,20.39827823638916
753,7.917997687015146,7.918865170696889,114617,20.417511701583862
754,7.917421082942119,7.9184958124955465,114743,20.43708872795105
755,7.917421082942119,7.91818189919572,114869,20.459053993225098
756,7.917198738108421,7.917883019374015,114995,20.480011701583862
757,7.916967222349536,7.917619755591966,115121,20.500430822372437
758,7.916862853312157,7.917437011513024,115247,20.52155113220215
759,7.916862853312157,7.917286181051297,115373,20.54240584373474
760,7.916525743914481,7.917166861678192,115499,20.565568923950195
761,7.916352967763445,7.916980901137606,115625,20.586726188659668
762,7.916291337204566,7.916827924728807,115751,20.607036113739014
763,7.916218302725575,7.916667636226927,115874,20.626772165298462
764,7.916167170546724,7.916524298452894,115997,20.64677596092224
765,7.915982135889964,7.916389406966773,116120,20.6677405834198
766,7.915705857242239,7.916283653092777,116243,20.6894953250885
767,7.915705857242239,7.916137930010012,116366,20.710044384002686
768,7.915531288670151,7.916003273096835,116489,20.731008291244507
769,7.915531288670151,7.915868692903072,116612,20.750452041625977
770,7.915295606185165,7.91569298087933,116735,20.771304607391357
771,7.9152256936282965,7.915564052587476,116858,20.791933298110962
772,7.915008761805516,7.915414718615298,116981,20.811474084854126
773,7.914806296519167,7.915286734870254,117104,20.831202030181885
774,7.914641759731862,7.915117007547819,117227,20.85482931137085
775,7.91423858112559,7.914884837315096,117350,20.875659465789795
776,7.913974716417934,7.914652403114333,117473,20.89492630958557
777,7.913974716417934,7.914509110873911,117596,20.915643453598022
778,7.913974716417934,7.914331001412251,117719,20.939236164093018
779,7.913872756494756,7.914176438437709,117842,20.96219229698181
780,7.913376647521669,7.9139862652633095,117965,20.98275065422058
781,7.913354500611089,7.913785677628106,118088,21.002858638763428
782,7.913218180026005,7.913613712828583,118211,21.02268934249878
783,7.913049179519568,7.913495778879538,118334,21.045029878616333
784,7.913047685262386,7.913371044286245,118457,21.064759016036987
785,7.913019211285347,7.913262083870358,118580,21.085263967514038
786,7.912965373892755,7.913189758080892,118703,21.105647087097168
787,7.912820160104098,7.9131032031802215,118826,21.127934455871582
788,7.912818415182737,7.913031504348739,118949,21.149436235427856
789,7.9126685865849264,7.912947612103432,119072,21.168493509292603
790,7.912593647663203,7.912871893886286,119195,21.188340187072754
791,7.912326304677339,7.912775729596712,119318,21.20951247215271
792,7.912171381680134,7.912616060191968,119441,21.229480743408203
793,7.912140784203452,7.912449694491624,119564,21.249741315841675
794,7.911914976954799,7.912312621108811,119687,21.269802808761597
795,7.911914976954799,7.912209068513096,119810,21.28984546661377
796,7.911897049616741,7.912116768266415,119933,21.30980920791626
797,7.91176233747719,7.9120309489760166,120056,21.33048105239868
798,7.911688033113568,7.911954821966818,120179,21.351454973220825
799,7.91155410556413,7.911852909514783,120302,21.371723890304565
800,7.911400782127888,7.911719821452046,120425,21.39260196685791
801,7.911207569524282,7.91159303349463,120548,21.41215205192566
802,7.910855076769375,7.911438541748856,120671,21.432170867919922
803,7.910812133571214,7.911296565924725,120794,21.452858924865723
804,7.910475361727174,7.911166776300037,120917,21.472383737564087
805,7.910475361727174,7.910950954210631,121040,21.493389129638672
806,7.910392106343816,7.910767817652819,121163,21.513413429260254
807,7.910213631877012,7.910564194825008,121286,21.532655000686646
808,7.910061827232158,7.910389452748131,121409,21.551942348480225
809,7.909825507633973,7.9102542564614975,121532,21.571234703063965
810,7.909622228527738,7.910080832091435,121655,21.59074592590332
811,7.909562876920163,7.909935803950287,121778,21.60974669456482
812,7.909523112614054,7.909811623056834,121901,21.63027286529541
813,7.909332685268461,7.909687077384466,122021,21.649932146072388
814,7.909233991234001,7.90953969468957,122141,21.668888092041016
815,7.909000085717879,7.9094001463641375,122261,21.688491106033325
816,7.909000085717879,7.909324009424132,122381,21.708703756332397
817,7.908716596633906,7.909184909488834,122501,21.72999358177185
818,7.908705461302287,7.909028722166516,122621,21.750438690185547
819,7.908342272139456,7.908844534755341,122741,21.769140005111694
820,7.908310518211913,7.9086555768663045,122861,21.790337324142456
821,7.9079097799665705,7.908478407475232,122981,21.81073546409607
822,7.90787013382741,7.908267846025024,123101,21.830746173858643
823,7.907673601738266,7.908052897772509,123221,21.85236096382141
824,7.907579457659909,7.907908115106809,123341,21.873218297958374
825,7.90742891196328,7.907793317342623,123461,21.89381432533264
826,7.907321168425449,7.907664982486428,123581,21.912224769592285
827,7.90716736175543,7.907554801400312,123701,21.93276882171631
828,7.906903607170014,7.907415817451794,123821,21.953142166137695
829,7.906870951473411,7.907253413478587,123941,21.9756441116333
830,7.906718380947741,7.907111933651568,124061,21.996701955795288
831,7.906718380947741,7.906988873709473,124181,22.015514612197876
832,7.906554553244465,7.9069072434115215,124301,22.035831451416016
833,7.906447418063642,7.906795480673919,124421,22.055282831192017
834,7.906406728733073,7.906673064293692,124541,22.07549500465393
835,7.906319330109981,7.906558432960037,124661,22.09584355354309
836,7.90625017859553,7.906472707505458,124781,22.116600513458252
837,7.906165579048075,7.906397753828417,124901,22.138248682022095
838,7.905985353890091,7.90631048261785,125021,22.157883882522583
839,7.905943539926746,7.906188507990919,125141,22.17875027656555
840,7.905937595131639,7.906082263275134,125261,22.197118759155273
841,7.9058312657273175,7.9060101407059635,125381,22.216108322143555
842,7.9058312657273175,7.905954381235778,125501,22.234483003616333
843,7.905747286045603,7.905890440435161,125621,22.254584074020386
844,7.905730431471088,7.905859490469166,125741,22.275874376296997
845,7.9056879747084094,7.905821072324207,125861,22.294646739959717
846,7.9056879747084094,7.905778387554854,125981,22.314362049102783
847,7.905662778119395,7.905743946212579,126101,22.33502697944641
848,7.905652906784048,7.905726993293899,126221,22.354747533798218
849,7.905651763008803,7.905704405805254,126341,22.37411880493164
850,7.905614637209275,7.905688511580751,126461,22.393835067749023
851,7.905614637209275,7.905663557174774,126581,22.41368269920349
852,7.905597856132761,7.905643058778857,126701,22.43346118927002
853,7.905584572631381,7.905627589468759,126821,22.452534437179565
854,7.905580919093941,7.905616347444318,126941,22.471170902252197
855,7.90557808686292,7.905603940556309,127061,22.491968870162964
856,7.9055643551365575,7.905592415254321,127181,22.511730194091797
857,7.905546682954283,7.905580177316364,127301,22.53178596496582
858,7.90553670907919,7.905568784417679,127421,22.551252365112305
859,7.905535517773604,7.905558328449674,127541,22.57189416885376
860,7.905518929535911,7.905547884621285,127661,22.592241287231445
861,7.905514899463059,7.905536962053897,127781,22.61135172843933
862,7.905509653200677,7.905526701409227,127901,22.631816625595093
863,7.905506703558842,7.905520032244345,128021,22.651710510253906
864,7.905496681056881,7.905512726960024,128141,22.670371055603027
865,7.905485980637109,7.905506755085146,128258,22.68940782546997
866,7.905482154894716,7.9055008941321425,128375,22.70899796485901
867,7.905461550312149,7.9054923679968345,128492,22.729454040527344
868,7.905453845349086,7.905483019061289,128609,22.74844527244568
869,7.905447381293099,7.9054699909432795,128726,22.767346382141113
870,7.905437214416195,7.905457764870082,128843,22.786911010742188
871,7.905410769749155,7.905448288801327,128960,22.807705640792847
872,7.905410769749155,7.905438190536752,129077,22.825180053710938
873,7.905410524101133,7.905428684556639,129194,22.843575716018677
874,7.905396805101259,7.905418669586508,129311,22.867011547088623
875,7.905396539500404,7.905408922329443,129428,22.887736082077026
876,7.905386105945026,7.905401248364988,129545,22.9091374874115
877,7.9053859912829765,7.905395891039859,129662,22.930325746536255
878,7.905383189356991,7.905390313294425,129779,22.95038890838623
879,7.905378326393935,7.905386749890781,129896,22.97084903717041
880,7.905377493116071,7.9053835847097735,130013,22.990609407424927
881,7.905371316429516,7.905380273490105,130130,23.011160373687744
882,7.905370745005729,7.905377437764134,130247,23.029856204986572
883,7.905365831452425,7.9053742488221275,130364,23.049287796020508
884,7.905361215284891,7.905370315189891,130481,23.070192098617554
885,7.905360149742669,7.905367317030466,130598,23.090223789215088
886,7.905358404148471,7.9053647440762616,130715,23.10974645614624
887,7.905354460728748,7.905362188244285,130832,23.131524324417114
888,7.90535085729186,7.9053588778197765,130949,23.17170739173889
889,7.905349099103697,7.905356635990079,131066,23.242856979370117
890,7.905348127969384,7.905355091749441,131183,23.27084469795227
891,7.905348015601493,7.90535304799901,131300,23.291104316711426
892,7.905345116315402,7.905350819551057,131417,23.309754371643066
893,7.905345116315402,7.905349191980615,131534,23.331515312194824
894,7.905341554798195,7.905347355370782,131651,23.350510597229004
895,7.905339845392262,7.905345435950194,131768,23.37030863761902
896,7.905338455495086,7.90534260662092,131885,23.390198230743408
897,7.90533487347546,7.905340446331013,132002,23.41042709350586
898,7.905329521918423,7.905337437546741,132119,23.429324626922607
899,7.905324292423838,7.905334049487396,132236,23.448254108428955
900,7.905320757430781,7.90533077524331,132353,23.467620134353638
901,7.905319354428183,7.905326642252973,132470,23.487924814224243
902,7.905310523498806,7.905322911235851,132587,23.507672548294067
903,7.905309829121253,7.905318843622808,132704,23.52881407737732
904,7.905309149672261,7.905315848003467,132821,23.54807758331299
905,7.9053028621178205,7.905312130684795,132938,23.567174434661865
906,7.905293091352816,7.905307176026252,133055,23.586284399032593
907,7.905288106934393,7.90530152874129,133172,23.606298446655273
908,7.90528295293169,7.905295082880655,133289,23.62611222267151
909,7.905276281604743,7.905288614715316,133406,23.644969701766968
910,7.905272062406733,7.905284768402524,133523,23.665201902389526
911,7.905265424030933,7.9052797253401055,133640,23.684622526168823
912,7.905255431094065,7.905274277524099,133757,23.70491313934326
913,7.905248863175927,7.905268042755501,133874,23.723613500595093
914,7.905246138495231,7.905258494851894,133991,23.742655038833618
915,7.905241538069649,7.905252666551185,134108,23.761537790298462
916,7.905237252153903,7.905248675634256,134225,23.78032612800598
917,7.905237252153903,7.905245371667706,134342,23.80059552192688
918,7.9052336180499605,7.905242560873253,134459,23.818608283996582
919,7.905228892139804,7.905239409141398,134573,23.837923288345337
920,7.905220780407316,7.905234415333219,134687,23.857415437698364
921,7.905218293590204,7.905229657093147,134801,23.879095792770386
922,7.905208441739453,7.905224410606519,134915,23.896960020065308
923,7.905206698412435,7.90521908891268,135029,23.914674520492554
924,7.9051931569679095,7.905211304138497,135143,23.93433904647827
925,7.905188539220818,7.9052050197245265,135257,23.953974962234497
926,7.90517697368474,7.9051997776099325,135371,23.972838640213013
927,7.90517697368474,7.905194278999831,135485,23.991721630096436
928,7.905175962499901,7.90518870457669,135599,24.009864807128906
929,7.905166825824477,7.905181937439524,135713,24.027979850769043
930,7.905164054416124,7.905177954979709,135827,24.047308206558228
931,7.905160320219074,7.905172978194042,135941,24.067427158355713
932,7.905156636512417,7.905168886919444,136055,24.08825993537903
933,7.905152509063755,7.905164327900316,136169,24.10903811454773
934,7.905149778957315,7.905158110909575,136283,24.127910375595093
935,7.905140801195324,7.905153980343051,136397,24.1465106010437
936,7.905138076356294,7.905150683912233,136511,24.165776014328003
937,7.905133405706222,7.905147055596564,136625,24.18353009223938
938,7.905132777780442,7.905142212507557,136739,24.20239233970642
939,7.905127345264985,7.9051377547004575,136853,24.22167730331421
940,7.905127345264985,7.905134778476694,136967,24.241052865982056
941,7.905125723057019,7.905131497244162,137081,24.259584188461304
942,7.905124730393814,7.90512936025913,137195,24.278368949890137
943,7.905121338902554,7.90512694248545,137309,24.297253131866455
944,7.905120721044175,7.905125981734581,137423,24.320151805877686
945,7.905120721044175,7.905124920147859,137537,24.338812112808228
946,7.905120665062687,7.90512306693218,137651,24.35923409461975
947,7.905119787288139,7.905121994288757,137765,24.377918004989624
948,7.90511745548836,7.905121067240489,137879,24.396652936935425
949,7.90511745548836,7.905120354941232,137993,24.41603183746338
950,7.905117224890623,7.905119607895365,138107,24.434728860855103
951,7.905117224890623,7.905118974651742,138221,24.452734231948853
952,7.905116438369838,7.905118227001633,138335,24.47045588493347
953,7.905115165838607,7.905117401663347,138449,24.4891095161438
954,7.9051144227641865,7.905116306238916,138563,24.510623693466187
955,7.905113043252472,7.905115221856921,138677,24.53115439414978
956,7.905112004232414,7.905114575734211,138791,24.549188375473022
957,7.905111763456601,7.905113522381528,138905,24.5679714679718
958,7.905110284748554,7.905112442996818,139019,24.58703637123108
959,7.905109032659534,7.905111589776829,139133,24.605441331863403
960,7.905108452938946,7.9051105483316375,139247,24.625746488571167
961,7.905107298270088,7.905109532621271,139361,24.645457983016968
962,7.905105293266494,7.905108305189679,139475,24.664610385894775
963,7.905104220756945,7.905107262522572,139589,24.683228492736816
964,7.905103610570644,7.9051057814918515,139703,24.701885223388672
965,7.905101333200657,7.905104801551448,139817,24.7205171585083
966,7.9050999087991745,7.9051031017047535,139931,24.738295078277588
967,7.905098306881017,7.905101470209681,140045,24.75637197494507
968,7.905097595439443,7.905099900415448,140159,24.77435612678528
969,7.905094534004306,7.9050984915026365,140273,24.792670249938965
970,7.905092868960575,7.905096942989832,140387,24.811646699905396
971,7.905092359480356,7.905095409960504,140501,24.830121994018555
972,7.905091496263323,7.905093951286266,140615,24.849127054214478
973,7.905090981688042,7.905092722324676,140729,24.867908716201782
974,7.905089714570806,7.905091844942385,140840,24.888187885284424
975,7.905089392949823,7.90509112371728,140951,24.905925273895264
976,7.905089090039417,7.905090484292006,141062,24.924280643463135
977,7.905087587723688,7.9050898978633795,141173,24.94252848625183
978,7.905086564925886,7.905088779556851,141284,24.961108684539795
979,7.905085336645512,7.9050876771195755,141395,24.979119062423706
980,7.905084939940401,7.905086714625841,141506,24.997392892837524
981,7.9050827350907324,7.905085513636285,141617,25.014992237091064
982,7.905081262031109,7.9050841890665975,141728,25.031795740127563
983,7.905080372771939,7.9050832478387605,141839,25.050289154052734
984,7.9050796991654,7.9050820041183725,141950,25.067662477493286
985,7.905078790776642,7.905080864219662,142061,25.086219310760498
986,7.905075793060171,7.905079791896627,142172,25.104124784469604
987,7.905075424068484,7.905078444124096,142283,25.121973514556885
988,7.905073141944721,7.905076591326841,142394,25.140351057052612
989,7.905069375704367,7.905074435933515,142505,25.15826153755188
990,7.90506643460844,7.905071602900785,142616,25.17709517478943
991,7.905064055097796,7.905069042168251,142727,25.194209814071655
992,7.905063343919685,7.9050671591327015,142838,25.211272954940796
993,7.905061839556638,7.905065008319586,142949,25.228936433792114
994,7.905057933582818,7.905063038695258,143060,25.245182514190674
995,7.9050532984778075,7.9050605224200705,143171,25.262152194976807
996,7.9050532984778075,7.905058280428634,143282,25.27980875968933
997,7.90505327015439,7.905056548662198,143393,25.297664165496826
998,7.905051673563834,7.905054905968475,143504,25.31607460975647
999,7.905050861310862,7.90505368635074,143615,25.33350419998169
