gen,best_fitness,mean_fitness,evals,time_sec
0,2.4819088725801146,45.36965417807466,135,0.004609107971191406
1,2.4819088725801146,55.849086698819335,270,0.007610321044921875
2,1.1467100714730387,52.50787682053786,405,0.010507345199584961
3,1.1386530947875615,50.59801727454056,540,0.01341390609741211
4,1.1386530947875615,40.348960532694534,675,0.0163114070892334
5,0.5507923687751843,44.92947070711532,810,0.019273042678833008
6,0.5507923687751843,49.44504112187737,945,0.02283787727355957
7,0.5507923687751843,52.29621221847484,1080,0.026150941848754883
8,0.5507923687751843,54.70595135576939,1215,0.029392719268798828
9,0.5507923687751843,48.095424157387924,1350,0.03240537643432617
10,0.5507923687751843,49.052308314344536,1485,0.035631656646728516
11,0.5507923687751843,43.14740118730577,1620,0.03882479667663574
12,0.5507923687751843,54.60795087697326,1755,0.04194283485412598
13,0.5507923687751843,46.25820700336757,1890,0.045067548751831055
14,0.1292767036663064,48.95482635877266,2025,0.04788351058959961
15,0.1292767036663064,43.989604402435376,2160,0.051009178161621094
16,0.1292767036663064,48.955173512245175,2295,0.05405235290527344
17,0.1292767036663064,46.696945270676416,2430,0.05698823928833008
18,0.1292767036663064,49.145325319638566,2565,0.0599825382232666
19,0.12015176360010749,42.35380881558258,2700,0.06278228759765625
20,0.12015176360010749,56.8180923878399,2835,0.06592297554016113
21,0.12015176360010749,43.14294611997084,2970,0.06884527206420898
22,0.12015176360010749,54.78382916718694,3105,0.07182574272155762
23,0.12015176360010749,49.979598586819876,3240,0.07484793663024902
24,0.12015176360010749,43.12126144761503,3375,0.0779104232788086
25,0.12015176360010749,46.68001177678703,3510,0.08071231842041016
26,0.12015176360010749,52.77379662155864,3645,0.08400487899780273
27,0.12015176360010749,46.484447437374605,3780,0.08702588081359863
28,0.12015176360010749,46.38645918905498,3915,0.09000492095947266
29,0.12015176360010749,47.80530878515579,4050,0.09294867515563965
30,0.12015176360010749,44.30278162556078,4185,0.09609699249267578
31,0.12015176360010749,52.143621228841134,4320,0.09923601150512695
32,0.12015176360010749,55.59343940799441,4455,0.10207414627075195
33,0.12015176360010749,48.2045344888924,4590,0.10519862174987793
34,0.12015176360010749,48.91718165406961,4725,0.10818362236022949
35,0.12015176360010749,50.00350797874772,4860,0.11134552955627441
36,0.12015176360010749,55.511762569594886,4995,0.11440205574035645
37,0.12015176360010749,42.595899839334216,5130,0.11737537384033203
38,0.12015176360010749,55.77255550409009,5265,0.12042784690856934
39,0.12015176360010749,45.162477854390296,5400,0.12333893775939941
40,0.12015176360010749,51.17111855448702,5535,0.1261119842529297
41,0.12015176360010749,50.21348890171144,5670,0.12916827201843262
42,0.12015176360010749,45.508988119030775,5805,0.13211750984191895
43,0.12015176360010749,56.93053082993343,5940,0.13517284393310547
44,0.12015176360010749,49.7673523798617,6075,0.13827133178710938
45,0.12015176360010749,51.54678243099954,6210,0.14124584197998047
46,0.12015176360010749,57.16447877402414,6345,0.14415240287780762
47,0.12015176360010749,45.02611011985768,6480,0.14714384078979492
48,0.12015176360010749,52.50321519462894,6615,0.15019845962524414
49,0.12015176360010749,50.539747851251896,6750,0.15296483039855957
50,0.12015176360010749,51.35414338327814,6885,0.15572142601013184
51,0.12015176360010749,49.620575797324,7020,0.15872931480407715
52,0.12015176360010749,57.85202078322223,7155,0.1616959571838379
53,0.12015176360010749,48.59419505523947,7290,0.16466856002807617
54,0.12015176360010749,42.85365384887063,7425,0.16757702827453613
55,0.12015176360010749,47.17489376655213,7560,0.17053508758544922
56,0.12015176360010749,49.56684893767831,7695,0.17363691329956055
57,0.12015176360010749,53.06666233714644,7830,0.17669367790222168
58,0.12015176360010749,55.69139375312292,7965,0.17961978912353516
59,0.12015176360010749,51.99045214456937,8100,0.18280482292175293
60,0.12015176360010749,52.14563760081778,8235,0.18590641021728516
61,0.12015176360010749,48.25617970541837,8370,0.1890876293182373
62,0.12015176360010749,46.86848383730269,8505,0.1920313835144043
63,0.12015176360010749,46.11065427544115,8640,0.19519734382629395
64,0.12015176360010749,48.79749236143248,8775,0.19825005531311035
65,0.12015176360010749,50.76439151381227,8910,0.20138764381408691
66,0.12015176360010749,49.395669920614786,9045,0.20432639122009277
67,0.12015176360010749,53.00703303623939,9180,0.20718765258789062
68,0.12015176360010749,53.29056018238297,9315,0.21053051948547363
69,0.12015176360010749,53.05055146514261,9450,0.21371054649353027
70,0.12015176360010749,52.58554860012869,9585,0.21694397926330566
71,0.12015176360010749,48.65962144439988,9720,0.2201082706451416
72,0.12015176360010749,52.98441977548443,9855,0.22312450408935547
73,0.12015176360010749,53.76760587518006,9990,0.22616791725158691
74,0.12015176360010749,53.80482200452595,10125,0.22903752326965332
75,0.12015176360010749,48.44129626524786,10260,0.23198390007019043
76,0.12015176360010749,50.38923157125917,10395,0.2350447177886963
77,0.12015176360010749,48.84406475170215,10530,0.23807072639465332
78,0.12015176360010749,49.698504516772076,10665,0.2409372329711914
79,0.12015176360010749,48.03764600129903,10800,0.24368047714233398
80,0.12015176360010749,45.267438930458084,10935,0.2465381622314453
81,0.12015176360010749,42.44274178668791,11070,0.24941396713256836
82,0.12015176360010749,49.685331915053276,11205,0.25238513946533203
83,0.07469269299377879,49.45935038425914,11340,0.2556777000427246
84,0.07469269299377879,49.13672504383788,11475,0.25882506370544434
85,0.07469269299377879,45.7139444527667,11610,0.26172804832458496
86,0.07469269299377879,38.37186797450382,11745,0.2648782730102539
87,0.07469269299377879,55.8462997440419,11880,0.26791977882385254
88,0.07469269299377879,51.060710356369825,12015,0.2707681655883789
89,0.07469269299377879,51.25449972842792,12150,0.2736661434173584
90,0.07469269299377879,51.72976320488503,12285,0.2767364978790283
91,0.07469269299377879,51.248389350754806,12420,0.27968764305114746
92,0.07469269299377879,53.662214168806486,12555,0.28268885612487793
93,0.04904304594150588,47.88508378361151,12690,0.28588318824768066
94,0.04904304594150588,48.70562708126809,12825,0.2888767719268799
95,0.04904304594150588,54.68128629053218,12960,0.2919762134552002
96,0.04904304594150588,55.560924182145236,13095,0.2948596477508545
97,0.04904304594150588,54.2399892261908,13230,0.2979140281677246
98,0.04904304594150588,52.5900890911573,13365,0.3008759021759033
99,0.04904304594150588,48.84551328404612,13500,0.3038337230682373
100,0.04904304594150588,41.496135848807526,13635,0.30684351921081543
101,0.04904304594150588,51.53748524863796,13770,0.3095886707305908
102,0.04904304594150588,53.9068494776175,13905,0.3125591278076172
103,0.04904304594150588,55.60877562714099,14040,0.3155863285064697
104,0.04904304594150588,48.59138422792102,14175,0.31852102279663086
105,0.04904304594150588,48.550870168107274,14310,0.321519136428833
106,0.04904304594150588,47.75465003705639,14445,0.32460451126098633
107,0.04904304594150588,49.114520798135146,14580,0.32776856422424316
108,0.04904304594150588,48.22779659716782,14715,0.33079075813293457
109,0.04904304594150588,50.90085825860407,14850,0.3335535526275635
110,0.04904304594150588,52.45316981667068,14985,0.3365621566772461
111,0.04904304594150588,41.598725603741876,15120,0.3396341800689697
112,0.04904304594150588,53.89839737229747,15255,0.34278011322021484
113,0.04904304594150588,42.88829965413224,15390,0.3458688259124756
114,0.04904304594150588,52.85668124083486,15525,0.3488595485687256
115,0.04904304594150588,53.05090702312429,15660,0.3518044948577881
116,0.04904304594150588,53.56903401838988,15795,0.3547022342681885
117,0.04904304594150588,51.35264546125962,15930,0.3577594757080078
118,0.04904304594150588,50.15454882487789,16065,0.3608529567718506
119,0.04904304594150588,45.158492196720914,16200,0.36371779441833496
120,0.04904304594150588,46.85165213534296,16335,0.3666188716888428
121,0.04904304594150588,54.17250893438075,16470,0.36949872970581055
122,0.04904304594150588,50.788825981821525,16605,0.37253880500793457
123,0.04904304594150588,49.497468474810475,16740,0.3754270076751709
124,0.04904304594150588,52.70082953519279,16875,0.378429651260376
125,0.04904304594150588,47.39348291283681,17010,0.38140296936035156
126,0.04904304594150588,47.27220262371837,17145,0.38422441482543945
127,0.04904304594150588,48.50563566100164,17280,0.38727402687072754
128,0.04904304594150588,49.382351130691426,17415,0.39030933380126953
129,0.04904304594150588,48.275503892012416,17550,0.3931879997253418
130,0.04904304594150588,47.48787942412056,17685,0.3963170051574707
131,0.04904304594150588,40.44331629433897,17820,0.3992502689361572
132,0.04904304594150588,46.48112433167826,17955,0.4021303653717041
133,0.04904304594150588,45.687833796315545,18090,0.40517759323120117
134,0.04904304594150588,46.1289483748734,18225,0.4081764221191406
135,0.04904304594150588,49.85466530390655,18360,0.41115403175354004
136,0.04904304594150588,50.06957793855163,18495,0.4141271114349365
137,0.04904304594150588,49.44086034828626,18630,0.41698455810546875
138,0.04904304594150588,50.561442503859716,18765,0.4197981357574463
139,0.04904304594150588,44.90508372222647,18900,0.42270660400390625
140,0.04904304594150588,56.55060546687316,19035,0.425523042678833
141,0.04904304594150588,53.08598708717578,19170,0.42859601974487305
142,0.04904304594150588,46.48716124602206,19305,0.43134093284606934
143,0.04904304594150588,44.67779099807827,19440,0.43433594703674316
144,0.04904304594150588,45.0944211798294,19575,0.4373438358306885
145,0.04904304594150588,51.08240823274772,19710,0.4405548572540283
146,0.04904304594150588,43.55586022873029,19845,0.4435591697692871
147,0.04904304594150588,50.71718354518245,19980,0.4463331699371338
148,0.04904304594150588,46.91504233480428,20115,0.44936156272888184
149,0.04904304594150588,49.48156506631524,20250,0.45218396186828613
150,0.04904304594150588,50.324104125916044,20385,0.45520806312561035
151,0.04904304594150588,55.55863929105235,20520,0.4581298828125
152,0.04904304594150588,49.69453649723178,20655,0.4612588882446289
153,0.04904304594150588,56.780990078075185,20790,0.46405982971191406
154,0.04904304594150588,43.90877836531749,20925,0.46745848655700684
155,0.04904304594150588,49.55313474091704,21060,0.47043371200561523
156,0.04904304594150588,50.48360674106758,21195,0.4732787609100342
157,0.04904304594150588,43.022619386759196,21330,0.47618818283081055
158,0.04904304594150588,46.37529455449741,21465,0.47927021980285645
159,0.04904304594150588,52.255651003725895,21600,0.48236942291259766
160,0.04904304594150588,50.62042361585823,21735,0.48525452613830566
161,0.04904304594150588,44.258853946334014,21870,0.4881918430328369
162,0.04904304594150588,50.40120951949174,22005,0.4909937381744385
163,0.04904304594150588,46.89016990901584,22140,0.49406862258911133
164,0.04904304594150588,47.275963991307556,22275,0.49690747261047363
165,0.04904304594150588,46.636380454013164,22410,0.49978184700012207
166,0.04904304594150588,51.90038022413002,22545,0.5028724670410156
167,0.04904304594150588,45.376543450606874,22680,0.5058341026306152
168,0.04904304594150588,55.27720972824431,22815,0.5086824893951416
169,0.04904304594150588,45.717332953646746,22950,0.511613130569458
170,0.04904304594150588,51.158340617728875,23085,0.5145702362060547
171,0.04904304594150588,52.53358743417487,23220,0.5174417495727539
172,0.04904304594150588,43.796197746957574,23355,0.5204322338104248
173,0.04904304594150588,47.92847582544912,23490,0.5232832431793213
174,0.04904304594150588,44.99465493766948,23625,0.5263664722442627
175,0.04904304594150588,41.16087342301268,23760,0.529301643371582
176,0.04904304594150588,50.130190876966914,23895,0.532057523727417
177,0.04904304594150588,51.01834689184849,24030,0.5351932048797607
178,0.04904304594150588,50.33866348043103,24165,0.5382537841796875
179,0.04904304594150588,43.196629995210124,24300,0.5410761833190918
180,0.04904304594150588,50.54620064823565,24435,0.543961763381958
181,0.04904304594150588,50.3734018479463,24570,0.5468227863311768
182,0.04904304594150588,48.38032401172701,24705,0.5497806072235107
183,0.04904304594150588,46.09141642578434,24840,0.5525941848754883
184,0.04904304594150588,49.011106317761,24975,0.5556509494781494
185,0.04904304594150588,46.45550430557571,25110,0.5586082935333252
186,0.04904304594150588,46.55120864241982,25245,0.5614514350891113
187,0.04904304594150588,50.75530808215242,25380,0.5644562244415283
188,0.04904304594150588,43.19311949002362,25515,0.5675344467163086
189,0.04904304594150588,45.20151609080452,25650,0.5706720352172852
190,0.04904304594150588,50.163046026249376,25785,0.573793888092041
191,0.04904304594150588,43.77272855852532,25920,0.5770633220672607
192,0.04904304594150588,51.14271278174915,26055,0.5802407264709473
193,0.04904304594150588,53.97401298266934,26190,0.583564281463623
194,0.04904304594150588,49.956645621230564,26325,0.5865626335144043
195,0.04904304594150588,43.95946176441776,26460,0.5897035598754883
196,0.04904304594150588,44.24802247485265,26595,0.5927126407623291
197,0.04904304594150588,42.8501158442267,26730,0.5957322120666504
198,0.04904304594150588,51.27512259388255,26865,0.5984280109405518
199,0.04904304594150588,49.993577645796925,27000,0.6012091636657715
200,0.04904304594150588,46.19531747110679,27135,0.6041669845581055
201,0.04904304594150588,44.96527349365082,27270,0.6071925163269043
202,0.04904304594150588,46.93876263268149,27405,0.6100561618804932
203,0.04904304594150588,47.42745401988601,27540,0.6129038333892822
204,0.04904304594150588,45.37870167073574,27675,0.6156234741210938
205,0.04904304594150588,49.163853156006695,27810,0.6187558174133301
206,0.04904304594150588,53.20162613755435,27945,0.6217195987701416
207,0.04904304594150588,45.662857234602946,28080,0.6246211528778076
208,0.04904304594150588,48.627970481879295,28215,0.6275315284729004
209,0.04904304594150588,49.85787723487416,28350,0.6304879188537598
210,0.04904304594150588,47.43150097050247,28485,0.6336956024169922
211,0.04904304594150588,52.333698021540116,28620,0.6366143226623535
212,0.04904304594150588,45.81544108083026,28755,0.639599084854126
213,0.04904304594150588,58.363573695466506,28890,0.6426198482513428
214,0.04904304594150588,53.75212215949429,29025,0.6455011367797852
215,0.04904304594150588,49.680940895592244,29160,0.6484405994415283
216,0.04904304594150588,49.26240283215915,29295,0.6515312194824219
217,0.04904304594150588,52.1323554088524,29430,0.654461145401001
218,0.04904304594150588,45.890044815085524,29565,0.6573731899261475
219,0.04904304594150588,53.13888343020603,29700,0.6603381633758545
220,0.04904304594150588,47.07026026368093,29835,0.663240909576416
221,0.04904304594150588,51.79753377753202,29970,0.6661622524261475
222,0.04904304594150588,50.678586550746815,30105,0.6690001487731934
223,0.04904304594150588,55.06398094075641,30240,0.6717290878295898
224,0.04904304594150588,48.963698748877185,30375,0.6746447086334229
225,0.04904304594150588,44.309819172938326,30510,0.6776571273803711
226,0.04904304594150588,43.381603889626064,30645,0.6806502342224121
227,0.04904304594150588,47.64049006007904,30780,0.6837818622589111
228,0.04904304594150588,52.579110509565254,30915,0.6868860721588135
229,0.04904304594150588,47.64351350365673,31050,0.6900584697723389
230,0.04904304594150588,50.772435606664324,31185,0.6929268836975098
231,0.04904304594150588,50.07986202743143,31320,0.6959800720214844
232,0.04904304594150588,53.35114791316514,31455,0.6989545822143555
233,0.04904304594150588,55.12183774865826,31590,0.7018764019012451
234,0.04904304594150588,48.070105960436344,31725,0.7048633098602295
235,0.04904304594150588,52.85830146536281,31860,0.7077841758728027
236,0.04904304594150588,46.9896443614869,31995,0.7107937335968018
237,0.04904304594150588,54.126776697607745,32130,0.71382737159729
238,0.04904304594150588,45.363329445740014,32265,0.7167460918426514
239,0.04904304594150588,44.25848705186376,32400,0.719538688659668
240,0.04904304594150588,50.31718046821095,32535,0.722639799118042
241,0.04904304594150588,54.14203172613775,32670,0.7256639003753662
242,0.04904304594150588,49.64729875766985,32805,0.7285637855529785
243,0.04904304594150588,53.709601262744144,32940,0.7317216396331787
244,0.04904304594150588,43.478029082790755,33075,0.7347347736358643
245,0.04904304594150588,46.16050874952504,33210,0.7375810146331787
246,0.04904304594150588,48.802351004944775,33345,0.7405068874359131
247,0.04904304594150588,41.41762610099509,33480,0.7435688972473145
248,0.04904304594150588,46.783428485964095,33615,0.746549129486084
249,0.04904304594150588,52.85196116292004,33750,0.7494468688964844
250,0.04904304594150588,52.26399679532145,33885,0.7524242401123047
251,0.04904304594150588,56.2488341417177,34020,0.7554023265838623
252,0.04904304594150588,47.789777185684926,34155,0.7582883834838867
253,0.04904304594150588,43.67490705878702,34290,0.7614014148712158
254,0.04904304594150588,44.315334967743276,34425,0.7644228935241699
255,0.04904304594150588,52.28659504446417,34560,0.7673583030700684
256,0.04904304594150588,53.55613991733146,34695,0.7702667713165283
257,0.04904304594150588,42.84210919136281,34830,0.7731223106384277
258,0.04904304594150588,45.87382630410623,34965,0.7759311199188232
259,0.04904304594150588,48.07536465357495,35100,0.7787842750549316
260,0.04904304594150588,51.97973127948299,35235,0.7816784381866455
261,0.04904304594150588,46.76162596619667,35370,0.784736156463623
262,0.04904304594150588,61.042019915031055,35505,0.787684440612793
263,0.04904304594150588,55.064448948189614,35640,0.790661096572876
264,0.04904304594150588,51.252208265040586,35775,0.7936854362487793
265,0.04904304594150588,51.730062641377664,35910,0.7967774868011475
266,0.04904304594150588,42.3276746374378,36045,0.7997915744781494
267,0.04904304594150588,48.64745416099001,36180,0.802635669708252
268,0.04904304594150588,52.2041219361281,36315,0.8057599067687988
269,0.04904304594150588,55.04860645141283,36450,0.8085050582885742
270,0.04904304594150588,53.322313384353656,36585,0.8114655017852783
271,0.04904304594150588,36.81374374190924,36720,0.8147680759429932
272,0.04904304594150588,58.34452943077383,36855,0.8178565502166748
273,0.04904304594150588,53.870622413595584,36990,0.8207192420959473
274,0.04904304594150588,49.929113713500236,37125,0.8237512111663818
275,0.04904304594150588,44.90221054877748,37260,0.8268098831176758
276,0.04904304594150588,45.557061455913285,37395,0.8297750949859619
277,0.04904304594150588,52.772637037298026,37530,0.8327732086181641
278,0.04904304594150588,43.15067491105516,37665,0.8359785079956055
279,0.04904304594150588,51.850865181421575,37800,0.8388206958770752
280,0.04904304594150588,50.677672297855835,37935,0.841864824295044
281,0.04904304594150588,52.36001510177594,38070,0.844843864440918
282,0.04904304594150588,51.861958958118905,38205,0.8480062484741211
283,0.04904304594150588,46.74807559090511,38340,0.8510255813598633
284,0.04904304594150588,48.71583297384215,38475,0.8538258075714111
285,0.04904304594150588,49.31478131703217,38610,0.8566792011260986
286,0.04904304594150588,53.069615192579626,38745,0.859593391418457
287,0.04904304594150588,49.515889459833765,38880,0.8625831604003906
288,0.04904304594150588,51.914868645911234,39015,0.8658578395843506
289,0.04904304594150588,50.34388226485989,39150,0.8691613674163818
290,0.04904304594150588,46.09301185901909,39285,0.8721749782562256
291,0.04904304594150588,48.87045098521261,39420,0.8750443458557129
292,0.04904304594150588,42.64165235126743,39555,0.8779993057250977
293,0.04904304594150588,50.65206782960489,39690,0.8808319568634033
294,0.04904304594150588,50.77783383857903,39825,0.883784294128418
295,0.04904304594150588,50.52019649347797,39960,0.886549711227417
296,0.04904304594150588,48.41212488901842,40095,0.8897237777709961
297,0.04904304594150588,54.41092846649805,40230,0.8928430080413818
298,0.04904304594150588,46.96691092579898,40365,0.8958055973052979
299,0.04904304594150588,46.554085628158944,40500,0.8986594676971436
300,0.04904304594150588,49.93077674647762,40635,0.9017436504364014
301,0.04904304594150588,57.86457481424553,40770,0.9049136638641357
302,0.04904304594150588,51.05333422753067,40905,0.9079511165618896
303,0.04904304594150588,52.52831840560717,41040,0.9109654426574707
304,0.04904304594150588,49.66050597458291,41175,0.9138143062591553
305,0.04904304594150588,51.55410901270722,41310,0.9168035984039307
306,0.04904304594150588,47.74711419343782,41445,0.9199304580688477
307,0.04904304594150588,50.737907489973985,41580,0.9227869510650635
308,0.04904304594150588,51.08232759033844,41715,0.9258973598480225
309,0.04904304594150588,48.67879772945089,41850,0.9289505481719971
310,0.04904304594150588,49.497749036555724,41985,0.931962251663208
311,0.04904304594150588,48.00261433280308,42120,0.9350790977478027
312,0.04904304594150588,53.61479376091164,42255,0.937995433807373
313,0.04904304594150588,39.34974873431363,42390,0.9410748481750488
314,0.04904304594150588,54.07586259077688,42525,0.9440104961395264
315,0.04904304594150588,43.833040046429105,42660,0.9469287395477295
316,0.04904304594150588,52.349535410154076,42795,0.9497151374816895
317,0.04904304594150588,51.43793201880421,42930,0.9526431560516357
318,0.04904304594150588,48.66758900041087,43065,0.9555883407592773
319,0.04904304594150588,50.27692167403756,43200,0.9584841728210449
320,0.04904304594150588,49.2078201111487,43335,0.9615554809570312
321,0.04904304594150588,52.19109088089056,43470,0.9647173881530762
322,0.04904304594150588,54.489301143595846,43605,0.9675707817077637
323,0.04904304594150588,51.533186325156194,43740,0.9705333709716797
324,0.04904304594150588,53.791463356984764,43875,0.9736368656158447
325,0.04904304594150588,49.49784277734823,44010,0.9766504764556885
326,0.04904304594150588,52.69553323142406,44145,0.9796466827392578
327,0.04904304594150588,42.104679191315114,44280,0.9825954437255859
328,0.04904304594150588,53.717567445823605,44415,0.9858832359313965
329,0.04904304594150588,48.68462483542802,44550,0.9887876510620117
330,0.04904304594150588,46.167292603669985,44685,0.991753339767456
331,0.04904304594150588,57.4363581861037,44820,0.9947314262390137
332,0.04904304594150588,52.2355569995027,44955,0.9977767467498779
333,0.04904304594150588,47.92967496659456,45090,1.001021146774292
334,0.04904304594150588,49.734414050090734,45225,1.003854513168335
335,0.04904304594150588,55.113833297311075,45360,1.0068299770355225
336,0.04904304594150588,45.93552454357971,45495,1.0099718570709229
337,0.04904304594150588,53.70327653469667,45630,1.012887716293335
338,0.04904304594150588,47.257623766034136,45765,1.015808343887329
339,0.04904304594150588,46.46893793891497,45900,1.0187056064605713
340,0.04904304594150588,48.18060977008979,46035,1.0216014385223389
341,0.04904304594150588,51.934764250897686,46170,1.0247852802276611
342,0.04904304594150588,50.281039770801065,46305,1.0277760028839111
343,0.04904304594150588,46.74004296238849,46440,1.0309133529663086
344,0.04904304594150588,51.22797470584612,46575,1.033778429031372
345,0.04904304594150588,49.40490855267478,46710,1.0368726253509521
346,0.04904304594150588,42.76422181452095,46845,1.039940357208252
347,0.04904304594150588,48.553347942143525,46980,1.0429015159606934
348,0.04904304594150588,47.82172892355608,47115,1.0457496643066406
349,0.04904304594150588,55.172590552610906,47250,1.0488593578338623
350,0.04904304594150588,49.281103954890014,47385,1.0519752502441406
351,0.04904304594150588,50.618253915459,47520,1.0550353527069092
352,0.04904304594150588,43.46050417070618,47655,1.0580999851226807
353,0.04904304594150588,40.62075357280367,47790,1.061143159866333
354,0.04904304594150588,54.4670902100283,47925,1.0640990734100342
355,0.04904304594150588,53.98610940724465,48060,1.0672764778137207
356,0.04904304594150588,46.32648583831357,48195,1.0701801776885986
357,0.04904304594150588,48.98545335283426,48330,1.0731945037841797
358,0.04904304594150588,44.35499279052562,48465,1.0760693550109863
359,0.04904304594150588,49.10643053884022,48600,1.0789787769317627
360,0.04904304594150588,51.640131576734476,48735,1.0819649696350098
361,0.04904304594150588,56.49213086755709,48870,1.0851285457611084
362,0.04904304594150588,55.704696293067876,49005,1.0880234241485596
363,0.04904304594150588,46.03575666571122,49140,1.0909583568572998
364,0.04904304594150588,51.08865499387535,49275,1.093848705291748
365,0.04904304594150588,58.38696382363967,49410,1.096846103668213
366,0.04904304594150588,47.11608826785262,49545,1.0998492240905762
367,0.04904304594150588,51.06920981965864,49680,1.1027767658233643
368,0.04904304594150588,49.24067977933955,49815,1.1058156490325928
369,0.04904304594150588,44.72197828874571,49950,1.1088042259216309
370,0.04904304594150588,45.70249657471995,50085,1.1117959022521973
371,0.04904304594150588,49.157453025795135,50220,1.1149919033050537
372,0.04904304594150588,47.973375422635606,50355,1.1179912090301514
373,0.04904304594150588,46.41049132542522,50490,1.1209397315979004
374,0.04904304594150588,56.20459960186895,50625,1.1238210201263428
375,0.04904304594150588,44.87571740542324,50760,1.12715744972229
376,0.04904304594150588,50.46359859091887,50895,1.130011796951294
377,0.04904304594150588,48.513825841200635,51030,1.132843255996704
378,0.04904304594150588,47.529164306401064,51165,1.1357848644256592
379,0.04904304594150588,51.017071818175005,51300,1.1387174129486084
380,0.04904304594150588,54.38883975228982,51435,1.141711711883545
381,0.04904304594150588,52.02111370065203,51570,1.144803762435913
382,0.04904304594150588,48.35541963124813,51705,1.147991418838501
383,0.04904304594150588,54.551488130997285,51840,1.1508514881134033
384,0.04904304594150588,44.77772271382641,51975,1.1538500785827637
385,0.04904304594150588,57.83473340712957,52110,1.1568193435668945
386,0.04904304594150588,45.32013102972137,52245,1.1597800254821777
387,0.04904304594150588,48.043850530168704,52380,1.1628823280334473
388,0.04904304594150588,44.610252287753305,52515,1.1657254695892334
389,0.04904304594150588,50.740956080557936,52650,1.1685636043548584
390,0.04904304594150588,47.44492082813545,52785,1.1714451313018799
391,0.04904304594150588,45.955413368779254,52920,1.1742985248565674
392,0.04904304594150588,47.118155360528235,53055,1.1773240566253662
393,0.04904304594150588,49.9921942377134,53190,1.1803512573242188
394,0.04904304594150588,44.16825494299494,53325,1.1833395957946777
395,0.04904304594150588,52.16220449892078,53460,1.1862659454345703
396,0.04904304594150588,56.54644443172647,53595,1.1890878677368164
397,0.04904304594150588,53.11670464484901,53730,1.1925570964813232
398,0.04904304594150588,50.81187345203981,53865,1.1956944465637207
399,0.04904304594150588,47.415397484976666,54000,1.1987190246582031
400,0.04904304594150588,47.266016459053645,54135,1.2022180557250977
401,0.04904304594150588,53.712587441231136,54270,1.205183982849121
402,0.04904304594150588,48.11090817814401,54405,1.2081422805786133
403,0.04904304594150588,52.76361533602142,54540,1.211242437362671
404,0.04904304594150588,52.57583187073945,54675,1.2141849994659424
405,0.04904304594150588,50.96225586816497,54810,1.2170469760894775
406,0.04904304594150588,43.46250603228406,54945,1.2199914455413818
407,0.04904304594150588,48.09951441136587,55080,1.2231495380401611
408,0.04904304594150588,48.187147307832866,55215,1.226179599761963
409,0.04904304594150588,45.37622929907862,55350,1.2291622161865234
410,0.04904304594150588,51.82480301268132,55485,1.2321279048919678
411,0.04904304594150588,48.68718955504621,55620,1.2350056171417236
412,0.04904304594150588,50.871372150080894,55755,1.2379748821258545
413,0.04904304594150588,49.43390211526197,55890,1.240898609161377
414,0.04904304594150588,48.73006567165495,56025,1.243842601776123
415,0.04904304594150588,48.80298010638748,56160,1.2468500137329102
416,0.04904304594150588,47.51723676315105,56295,1.2498366832733154
417,0.04904304594150588,47.00856448920604,56430,1.2528257369995117
418,0.04904304594150588,47.084246441101,56565,1.2557275295257568
419,0.04904304594150588,51.126727628017,56700,1.2584972381591797
420,0.04904304594150588,46.013366339003944,56835,1.261242389678955
421,0.04904304594150588,53.436675312298945,56970,1.2640912532806396
422,0.04904304594150588,48.02062140620194,57105,1.2669868469238281
423,0.04904304594150588,48.384214205190354,57240,1.2699615955352783
424,0.04904304594150588,45.603766843623745,57375,1.2732548713684082
425,0.04904304594150588,52.4614480222815,57510,1.2761504650115967
426,0.04904304594150588,58.352538286860735,57645,1.2791907787322998
427,0.04904304594150588,49.43995757419111,57780,1.281999111175537
428,0.04904304594150588,48.28228180384044,57915,1.2848434448242188
429,0.04904304594150588,52.14523530663342,58050,1.287872552871704
430,0.04904304594150588,48.48376232434025,58185,1.2909939289093018
431,0.04904304594150588,49.19645462387574,58320,1.2940452098846436
432,0.04904304594150588,45.549660147247955,58455,1.2971339225769043
433,0.04904304594150588,50.75564908779153,58590,1.300158977508545
434,0.04904304594150588,45.83281931197673,58725,1.303130865097046
435,0.04904304594150588,44.885273085908935,58860,1.3060579299926758
436,0.04904304594150588,45.3203856154867,58995,1.3089354038238525
437,0.04904304594150588,49.89285155227394,59130,1.3118979930877686
438,0.04904304594150588,47.52179064359288,59265,1.3149738311767578
439,0.04904304594150588,52.558244080978966,59400,1.3181066513061523
440,0.04904304594150588,41.058713634898695,59535,1.3210101127624512
441,0.04904304594150588,49.48868943201504,59670,1.324145793914795
442,0.04904304594150588,46.549871944677406,59805,1.3271586894989014
443,0.04904304594150588,49.06675678884864,59940,1.3301923274993896
444,0.04904304594150588,49.41212086080089,60075,1.3333361148834229
445,0.04904304594150588,58.59561419581788,60210,1.336188793182373
446,0.04904304594150588,48.06283782662568,60345,1.339181661605835
447,0.04904304594150588,50.878692650493456,60480,1.3420374393463135
448,0.04904304594150588,41.29689548948731,60615,1.3450891971588135
449,0.04904304594150588,38.03368483161945,60750,1.3479695320129395
450,0.04904304594150588,49.66523974265369,60885,1.350860834121704
451,0.04904304594150588,45.09248965654563,61020,1.3537049293518066
452,0.04904304594150588,50.270362615228564,61155,1.356787919998169
453,0.04904304594150588,49.80051700736242,61290,1.3596632480621338
454,0.04904304594150588,50.48460951152685,61425,1.3626391887664795
455,0.04904304594150588,49.89640785391377,61560,1.3656775951385498
456,0.04904304594150588,52.67789164694111,61695,1.3687446117401123
457,0.04904304594150588,51.55608386021877,61830,1.3715884685516357
458,0.04904304594150588,42.283526397903145,61965,1.374687910079956
459,0.04904304594150588,57.27257503618919,62100,1.3775641918182373
460,0.04904304594150588,49.93143430846629,62235,1.3804330825805664
461,0.04904304594150588,56.17394624864017,62370,1.3833236694335938
462,0.04904304594150588,46.42506388236423,62505,1.3864002227783203
463,0.04904304594150588,50.59565034321077,62640,1.3892762660980225
464,0.04904304594150588,42.25766947951966,62775,1.3921971321105957
465,0.04904304594150588,50.84297070617085,62910,1.3950655460357666
466,0.04904304594150588,52.448017535993586,63045,1.3981554508209229
467,0.04904304594150588,48.78914278949944,63180,1.4011201858520508
468,0.04904304594150588,45.440030414047136,63315,1.4041426181793213
469,0.04904304594150588,50.136074289492726,63450,1.407144546508789
470,0.04904304594150588,47.43164664120202,63585,1.4102230072021484
471,0.04904304594150588,48.53705540925941,63720,1.4132447242736816
472,0.04904304594150588,49.58736789739852,63855,1.4162523746490479
473,0.04904304594150588,49.407520639019644,63990,1.419219970703125
474,0.04904304594150588,47.98211001073227,64125,1.4222636222839355
475,0.04904304594150588,38.06146194482327,64260,1.4251439571380615
476,0.04904304594150588,41.80024900699079,64395,1.4282341003417969
477,0.04904304594150588,45.372130902886894,64530,1.4312255382537842
478,0.04904304594150588,52.18132169410112,64665,1.4341423511505127
479,0.04904304594150588,50.89196715819541,64800,1.4369263648986816
480,0.04904304594150588,57.830381381205676,64935,1.4401123523712158
481,0.04904304594150588,52.28297989167009,65070,1.443000316619873
482,0.04904304594150588,53.18661435608028,65205,1.4460101127624512
483,0.04904304594150588,48.16025185294749,65340,1.4489386081695557
484,0.04904304594150588,40.801018742172914,65475,1.4517874717712402
485,0.04904304594150588,49.31659826127988,65610,1.4547030925750732
486,0.04111776313670068,43.448180486998616,65745,1.4577090740203857
487,0.04111776313670068,48.87558892251078,65880,1.4607744216918945
488,0.04111776313670068,46.06093474280188,66015,1.463791847229004
489,0.04111776313670068,45.19587217822619,66150,1.4667656421661377
490,0.04111776313670068,47.25648108874615,66285,1.4695632457733154
491,0.04111776313670068,48.55627382005737,66420,1.4725725650787354
492,0.04111776313670068,54.52438237101291,66555,1.4756243228912354
493,0.04111776313670068,55.80478456666781,66690,1.4785029888153076
494,0.04111776313670068,46.757263183770576,66825,1.4813613891601562
495,0.04111776313670068,47.20331789822937,66960,1.4843063354492188
496,0.04111776313670068,55.23690041378908,67095,1.4872348308563232
497,0.04111776313670068,53.37084230846327,67230,1.490574598312378
498,0.04111776313670068,44.78768454988589,67365,1.4935588836669922
499,0.04111776313670068,45.92902863218508,67500,1.496502161026001
500,0.04111776313670068,50.05126907140034,67635,1.4994115829467773
501,0.04111776313670068,44.966306827616485,67770,1.5022375583648682
502,0.04111776313670068,46.110166847525335,67905,1.505307912826538
503,0.04111776313670068,42.90547263166398,68040,1.5083701610565186
504,0.04111776313670068,46.17880416028341,68175,1.5113012790679932
505,0.04111776313670068,48.163600917437584,68310,1.5141081809997559
506,0.04111776313670068,50.635329614561805,68445,1.5170021057128906
507,0.04111776313670068,47.456929595354204,68580,1.519953966140747
508,0.04111776313670068,45.45318392022897,68715,1.5228381156921387
509,0.04111776313670068,44.43050784578334,68850,1.5258922576904297
510,0.04111776313670068,55.52807264351012,68985,1.5289230346679688
511,0.04111776313670068,50.29682190551577,69120,1.532303810119629
512,0.04111776313670068,48.500703129783716,69255,1.535154104232788
513,0.04111776313670068,45.952032143810285,69390,1.5381381511688232
514,0.04111776313670068,48.25592106814075,69525,1.5411696434020996
515,0.04111776313670068,52.71250165698371,69660,1.5440857410430908
516,0.04111776313670068,42.26255645210976,69795,1.5470795631408691
517,0.04111776313670068,51.03351547041913,69930,1.5500404834747314
518,0.04111776313670068,49.0926590231728,70065,1.5528523921966553
519,0.04111776313670068,41.45417995879549,70200,1.5557513236999512
520,0.04111776313670068,52.8471618853085,70335,1.5585401058197021
521,0.04111776313670068,64.1696973569985,70470,1.5613958835601807
522,0.04111776313670068,46.850344992557126,70605,1.564359188079834
523,0.04111776313670068,46.24138334738054,70740,1.5673186779022217
524,0.04111776313670068,44.238704379982366,70875,1.5702862739562988
525,0.04111776313670068,49.98253522267133,71010,1.5730929374694824
526,0.04111776313670068,50.74359466169217,71145,1.5759785175323486
527,0.04111776313670068,47.066519241282094,71280,1.5788242816925049
528,0.04111776313670068,45.67075338584894,71415,1.581876516342163
529,0.04111776313670068,49.47897509433537,71550,1.5849933624267578
530,0.04111776313670068,46.521725001537824,71685,1.5879433155059814
531,0.04111776313670068,49.73572186449699,71820,1.590705394744873
532,0.04111776313670068,53.94780216647326,71955,1.5939269065856934
533,0.04111776313670068,46.21246429985016,72090,1.5972669124603271
534,0.04111776313670068,52.62897617795219,72225,1.6003363132476807
535,0.04111776313670068,46.975251481197276,72360,1.6038084030151367
536,0.04111776313670068,48.066794545121404,72495,1.6073479652404785
537,0.04111776313670068,48.51793620266289,72630,1.610388994216919
538,0.04111776313670068,51.27757047313387,72765,1.6136908531188965
539,0.04111776313670068,56.6189120360991,72900,1.6178464889526367
540,0.04111776313670068,48.604165257714655,73035,1.6215109825134277
541,0.04111776313670068,53.449187080098184,73170,1.6246943473815918
542,0.04111776313670068,52.98855765967535,73305,1.6280295848846436
543,0.04111776313670068,47.64139219596016,73440,1.6316123008728027
544,0.04111776313670068,45.35383897079354,73575,1.635188341140747
545,0.04111776313670068,44.64268020252928,73710,1.6382734775543213
546,0.04111776313670068,49.33036487029414,73845,1.6416833400726318
547,0.04111776313670068,42.409581054213646,73980,1.6450157165527344
548,0.04111776313670068,45.615744337048454,74115,1.648390293121338
549,0.04111776313670068,50.58123541472514,74250,1.651686191558838
550,0.04111776313670068,46.240911392335406,74385,1.6551032066345215
551,0.04111776313670068,39.718765543888715,74520,1.658721685409546
552,0.04111776313670068,50.54570164007534,74655,1.662029504776001
553,0.04111776313670068,52.92820111730409,74790,1.6654696464538574
554,0.04111776313670068,50.27109991115758,74925,1.6687581539154053
555,0.04111776313670068,44.861457014177994,75060,1.6717610359191895
556,0.04111776313670068,49.44579659562598,75195,1.6755216121673584
557,0.04111776313670068,49.698461007964596,75330,1.6784605979919434
558,0.04111776313670068,51.480219925903285,75465,1.6820735931396484
559,0.04111776313670068,50.79751723414631,75600,1.6851906776428223
560,0.04111776313670068,51.37171599650148,75735,1.6888017654418945
561,0.04111776313670068,45.0891651220459,75870,1.6917765140533447
562,0.04111776313670068,49.04615397606552,76005,1.6952457427978516
563,0.04111776313670068,46.51317028065237,76140,1.6991081237792969
564,0.04111776313670068,46.91141718641844,76275,1.7024412155151367
565,0.04111776313670068,50.21478274115244,76410,1.7054274082183838
566,0.04111776313670068,49.218895128835655,76545,1.7087290287017822
567,0.04111776313670068,47.04145147244262,76680,1.7117438316345215
568,0.04111776313670068,50.89525895744195,76815,1.7147374153137207
569,0.04111776313670068,50.37615616187456,76950,1.718118667602539
570,0.04111776313670068,52.21854615429752,77085,1.721045970916748
571,0.04111776313670068,49.37989685118091,77220,1.725024938583374
572,0.04111776313670068,48.97900581421411,77355,1.728186845779419
573,0.04111776313670068,43.08958893684658,77490,1.73201584815979
574,0.04111776313670068,49.6535535249973,77625,1.7357125282287598
575,0.04111776313670068,51.7674139258617,77760,1.7388420104980469
576,0.04111776313670068,52.19534709848393,77895,1.7417526245117188
577,0.04111776313670068,45.41013973871847,78030,1.7448320388793945
578,0.0399530461467803,46.46046848811985,78165,1.7483189105987549
579,0.0399530461467803,51.295749157349064,78300,1.7513751983642578
580,0.0399530461467803,53.01703582239261,78435,1.7547485828399658
581,0.0399530461467803,55.06086442676329,78570,1.757969617843628
582,0.0399530461467803,48.75922284292441,78705,1.7620179653167725
583,0.0399530461467803,52.12123712080439,78840,1.7657661437988281
584,0.0399530461467803,44.020977916341195,78975,1.7697744369506836
585,0.0399530461467803,45.1280090760715,79110,1.7726976871490479
586,0.0399530461467803,52.38614566406609,79245,1.775841236114502
587,0.0399530461467803,46.53671840342793,79380,1.7789115905761719
588,0.0399530461467803,49.344499193370304,79515,1.78202486038208
589,0.0399530461467803,45.65156215741567,79650,1.785050392150879
590,0.0399530461467803,40.13262243432021,79785,1.7880032062530518
591,0.0399530461467803,49.96274994490387,79920,1.7913124561309814
592,0.0399530461467803,48.940881592179394,80055,1.7951037883758545
593,0.0399530461467803,49.05724867626689,80190,1.7987875938415527
594,0.0399530461467803,52.32015049546694,80325,1.802091121673584
595,0.0399530461467803,44.57532231827524,80460,1.80535888671875
596,0.0399530461467803,55.196670479151315,80595,1.8084845542907715
597,0.0399530461467803,50.4365192645284,80730,1.8116087913513184
598,0.0399530461467803,48.84577666113361,80865,1.814687967300415
599,0.0399530461467803,43.26490941442491,81000,1.8177289962768555
600,0.0399530461467803,55.79115897587535,81135,1.8207409381866455
601,0.0399530461467803,42.18570034342837,81270,1.8240976333618164
602,0.0399530461467803,50.058007546289886,81405,1.827023983001709
603,0.0399530461467803,48.280607497843526,81540,1.830122947692871
604,0.0399530461467803,49.56552655194458,81675,1.833207368850708
605,0.0399530461467803,46.10478324020902,81810,1.8363769054412842
606,0.03132106307256788,56.572426697622326,81945,1.8396689891815186
607,0.03132106307256788,54.507023113537585,82080,1.8431158065795898
608,0.03132106307256788,49.481605162559994,82215,1.846083164215088
609,0.03132106307256788,42.841077609993604,82350,1.8495550155639648
610,0.03132106307256788,54.609969403111926,82485,1.8530514240264893
611,0.03132106307256788,52.22244638634603,82620,1.8562791347503662
612,0.03132106307256788,45.86602681076996,82755,1.859572410583496
613,0.03132106307256788,44.40190945390869,82890,1.862762689590454
614,0.03132106307256788,44.34348228106588,83025,1.8657207489013672
615,0.03132106307256788,44.59857053234142,83160,1.8686277866363525
616,0.03132106307256788,50.26289907368461,83295,1.871612310409546
617,0.03132106307256788,42.30205521452795,83430,1.8745250701904297
618,0.03132106307256788,53.371987654722744,83565,1.8774266242980957
619,0.03132106307256788,50.72095037782394,83700,1.8804144859313965
620,0.03132106307256788,54.256382254375346,83835,1.8834397792816162
621,0.03132106307256788,50.425865282270344,83970,1.88633394241333
622,0.03132106307256788,43.390391655436765,84105,1.8893892765045166
623,0.03132106307256788,43.13200440191233,84240,1.8922631740570068
624,0.03132106307256788,56.74993371468314,84375,1.8950059413909912
625,0.03132106307256788,49.23291823058632,84510,1.8980052471160889
626,0.03132106307256788,50.85499341702019,84645,1.9009299278259277
627,0.03132106307256788,47.91601908826736,84780,1.9037444591522217
628,0.03132106307256788,52.118011751603746,84915,1.9067277908325195
629,0.03132106307256788,50.31509328477823,85050,1.9096598625183105
630,0.03132106307256788,50.397773754047,85185,1.9125449657440186
631,0.03132106307256788,50.83592646397518,85320,1.915572166442871
632,0.03132106307256788,50.46457788337627,85455,1.9187235832214355
633,0.03132106307256788,49.18630134409986,85590,1.9216358661651611
634,0.03132106307256788,38.40367639546936,85725,1.9245707988739014
635,0.03132106307256788,43.109195009491984,85860,1.9276399612426758
636,0.03132106307256788,47.90008243277777,85995,1.9306247234344482
637,0.03132106307256788,44.683068002415276,86130,1.933497428894043
638,0.03132106307256788,40.94193408325723,86265,1.9364478588104248
639,0.03132106307256788,49.490181940121424,86400,1.9393575191497803
640,0.03132106307256788,45.081094908754835,86535,1.9423441886901855
641,0.03132106307256788,53.28252248318032,86670,1.94523024559021
642,0.03132106307256788,54.33812822750526,86805,1.9482581615447998
643,0.03132106307256788,49.15563386616095,86940,1.9512698650360107
644,0.03132106307256788,56.331660950883936,87075,1.9543371200561523
645,0.03132106307256788,48.49085559434034,87210,1.9571771621704102
646,0.03132106307256788,58.97848875648914,87345,1.9601147174835205
647,0.03132106307256788,47.808776264190016,87480,1.9630041122436523
648,0.03132106307256788,44.48975884455431,87615,1.96592116355896
649,0.03132106307256788,51.91875832260364,87750,1.9688811302185059
650,0.03132106307256788,52.68318448663975,87885,1.9718306064605713
651,0.03132106307256788,49.056564735022626,88020,1.975113868713379
652,0.03132106307256788,44.70668253631556,88155,1.9781162738800049
653,0.03132106307256788,47.292628792659315,88290,1.9809291362762451
654,0.03132106307256788,44.13501184148893,88425,1.983766794204712
655,0.03132106307256788,42.84498998769829,88560,1.9867002964019775
656,0.03132106307256788,46.08741430697417,88695,1.9896669387817383
657,0.03132106307256788,46.90032940749609,88830,1.9927115440368652
658,0.03132106307256788,51.041651990077284,88965,1.9957141876220703
659,0.03132106307256788,55.34405962456231,89100,1.998530387878418
660,0.03132106307256788,47.472061361635035,89235,2.0016281604766846
661,0.03132106307256788,46.15400784577568,89370,2.0046300888061523
662,0.03132106307256788,45.6133842449415,89505,2.0075888633728027
663,0.03132106307256788,48.74314158398017,89640,2.0106561183929443
664,0.03132106307256788,45.33393742955268,89775,2.0135467052459717
665,0.03132106307256788,50.49664330682604,89910,2.0166893005371094
666,0.03132106307256788,45.60184341684227,90045,2.0197606086730957
667,0.03132106307256788,51.10152600894854,90180,2.022721290588379
668,0.03132106307256788,43.87783940055424,90315,2.0258736610412598
669,0.03132106307256788,49.68341462343872,90450,2.0288169384002686
670,0.03132106307256788,48.429437852152304,90585,2.03173565864563
671,0.03132106307256788,52.76935050401144,90720,2.0346813201904297
672,0.03132106307256788,48.05776178986363,90855,2.0376408100128174
673,0.03132106307256788,48.70644548461817,90990,2.0405282974243164
674,0.03132106307256788,56.96579585924352,91125,2.043464183807373
675,0.03132106307256788,50.68225772056147,91260,2.046276330947876
676,0.03132106307256788,50.84846098971523,91395,2.0493979454040527
677,0.03132106307256788,47.363375500418286,91530,2.0523786544799805
678,0.03132106307256788,52.574472651892954,91665,2.055264472961426
679,0.03132106307256788,46.66598069571305,91800,2.058185338973999
680,0.03132106307256788,49.840127249453374,91935,2.0612006187438965
681,0.03132106307256788,44.346071141460385,92070,2.0641281604766846
682,0.03132106307256788,50.96765743963974,92205,2.0670058727264404
683,0.03132106307256788,50.8687264266528,92340,2.0699052810668945
684,0.03132106307256788,48.54916381107539,92475,2.0730128288269043
685,0.03132106307256788,50.9392142278706,92610,2.075925588607788
686,0.03132106307256788,50.405689031716065,92745,2.078854560852051
687,0.03132106307256788,46.06631939261349,92880,2.081782102584839
688,0.03132106307256788,43.24755750582462,93015,2.0847949981689453
689,0.03132106307256788,45.84195203888716,93150,2.087678909301758
690,0.03132106307256788,48.236435238153504,93285,2.09053111076355
691,0.03132106307256788,48.0070883633498,93420,2.093451499938965
692,0.03132106307256788,48.25080306988156,93555,2.0962865352630615
693,0.03132106307256788,48.00483483595437,93690,2.0991857051849365
694,0.03132106307256788,51.90012283457752,93825,2.10206937789917
695,0.03132106307256788,49.27104268458553,93960,2.105011224746704
696,0.03132106307256788,45.866329216181626,94095,2.1078455448150635
697,0.03132106307256788,55.62080013491816,94230,2.110832929611206
698,0.03132106307256788,43.538150960176935,94365,2.113762378692627
699,0.03132106307256788,55.39485868382764,94500,2.1166861057281494
700,0.03132106307256788,41.163375995489645,94635,2.119859218597412
701,0.03132106307256788,49.701855080073095,94770,2.1229209899902344
702,0.03132106307256788,54.24921240391669,94905,2.125852108001709
703,0.03132106307256788,45.16136360604704,95040,2.128932237625122
704,0.03132106307256788,42.64167151170124,95175,2.1319100856781006
705,0.03132106307256788,50.33683429350173,95310,2.1347198486328125
706,0.03132106307256788,39.9968009571082,95445,2.1376285552978516
707,0.03132106307256788,50.378909362029994,95580,2.1407811641693115
708,0.03132106307256788,51.629795957705824,95715,2.1435835361480713
709,0.03132106307256788,50.13876493292367,95850,2.146531820297241
710,0.03132106307256788,46.28263290238916,95985,2.1494083404541016
711,0.03132106307256788,54.635045478213264,96120,2.1522326469421387
712,0.03132106307256788,49.959089791859846,96255,2.1551053524017334
713,0.03132106307256788,46.20297224603083,96390,2.158017158508301
714,0.03132106307256788,49.29575167264206,96525,2.1612460613250732
715,0.03132106307256788,42.087836194638335,96660,2.1642489433288574
716,0.03132106307256788,54.130349462748136,96795,2.1673293113708496
717,0.03132106307256788,50.39853921552871,96930,2.1702675819396973
718,0.03132106307256788,48.747551938874146,97065,2.173180103302002
719,0.03132106307256788,50.44708099190144,97200,2.176359176635742
720,0.03132106307256788,48.80668144184553,97335,2.17952823638916
721,0.03132106307256788,47.219477697695616,97470,2.1826868057250977
722,0.03132106307256788,48.72079848774664,97605,2.1856489181518555
723,0.03132106307256788,45.42049488178513,97740,2.1885006427764893
724,0.03132106307256788,51.96805357922467,97875,2.1918768882751465
725,0.03132106307256788,50.00680260390274,98010,2.1950409412384033
726,0.03132106307256788,55.862562806981536,98145,2.198049545288086
727,0.03132106307256788,48.072586676830184,98280,2.2011876106262207
728,0.03132106307256788,52.14766989283334,98415,2.2042086124420166
729,0.03132106307256788,56.72010720504033,98550,2.207184076309204
730,0.03132106307256788,47.77918636070523,98685,2.2100727558135986
731,0.03132106307256788,41.78439693178132,98820,2.2129647731781006
732,0.03132106307256788,50.70209815477537,98955,2.215989112854004
733,0.03132106307256788,50.08215401728022,99090,2.218898296356201
734,0.03132106307256788,43.7198447471189,99225,2.2217094898223877
735,0.03132106307256788,52.6002375068457,99360,2.224700689315796
736,0.03132106307256788,52.84130392087027,99495,2.227764844894409
737,0.03132106307256788,45.77057687684394,99630,2.230757474899292
738,0.03132106307256788,56.31963838621413,99765,2.233741044998169
739,0.03132106307256788,50.777080844314746,99900,2.236743688583374
740,0.03132106307256788,45.97548044205709,100035,2.2396676540374756
741,0.03132106307256788,43.241883150992564,100170,2.242743730545044
742,0.03132106307256788,53.25270911255827,100305,2.2456114292144775
743,0.03132106307256788,44.37590611917675,100440,2.2485342025756836
744,0.03132106307256788,46.17234396640309,100575,2.2517058849334717
745,0.03132106307256788,58.51145659130436,100710,2.254800796508789
746,0.03132106307256788,45.90155592187354,100845,2.2578439712524414
747,0.03132106307256788,48.95429075775281,100980,2.2606723308563232
748,0.03132106307256788,47.450284091533376,101115,2.263765335083008
749,0.03132106307256788,52.181112773794666,101250,2.2667627334594727
750,0.03132106307256788,47.49660005496703,101385,2.269860029220581
751,0.03132106307256788,47.10672670173252,101520,2.272714614868164
752,0.03132106307256788,53.840218123408974,101655,2.2756764888763428
753,0.03132106307256788,46.512686853353,101790,2.2786262035369873
754,0.03132106307256788,48.05338073327207,101925,2.2816948890686035
755,0.03132106307256788,48.51122229866719,102060,2.2849788665771484
756,0.03132106307256788,50.97599921275294,102195,2.2879796028137207
757,0.03132106307256788,50.435115585863976,102330,2.2909929752349854
758,0.03132106307256788,39.9008147126548,102465,2.294105052947998
759,0.03132106307256788,53.85651530956535,102600,2.297048568725586
760,0.03132106307256788,48.934832308804644,102735,2.2997336387634277
761,0.03132106307256788,53.49601303184288,102870,2.302868366241455
762,0.03132106307256788,56.89271511760544,103005,2.3059022426605225
763,0.03132106307256788,49.88284138256839,103140,2.3088645935058594
764,0.03132106307256788,54.57768223114024,103275,2.3118321895599365
765,0.03132106307256788,49.202182642811486,103410,2.314753532409668
766,0.03132106307256788,53.38762293131761,103545,2.317868232727051
767,0.03132106307256788,51.892529022425684,103680,2.3207597732543945
768,0.03132106307256788,40.35092612425095,103815,2.3237905502319336
769,0.03132106307256788,43.47251173270167,103950,2.326629638671875
770,0.03132106307256788,46.24278523014637,104085,2.329549551010132
771,0.03132106307256788,51.01359492079549,104220,2.3325767517089844
772,0.03132106307256788,47.87193969812113,104355,2.3356621265411377
773,0.03132106307256788,46.855781462658136,104490,2.3386762142181396
774,0.03132106307256788,49.15598897010166,104625,2.3414690494537354
775,0.03132106307256788,50.931142176222174,104760,2.344305992126465
776,0.03132106307256788,54.47243148232791,104895,2.347144603729248
777,0.03132106307256788,52.76982829776943,105030,2.3501503467559814
778,0.03132106307256788,43.67994579665127,105165,2.352980852127075
779,0.03132106307256788,49.55043079046002,105300,2.3558058738708496
780,0.03132106307256788,51.016340268927635,105435,2.358640432357788
781,0.03132106307256788,53.00793685897852,105570,2.3618457317352295
782,0.03132106307256788,49.85241732854584,105705,2.3647584915161133
783,0.03132106307256788,44.455114926306386,105840,2.3676533699035645
784,0.03132106307256788,51.94539623074074,105975,2.3706111907958984
785,0.03132106307256788,49.25925790718774,106110,2.3734114170074463
786,0.03132106307256788,52.010091212249534,106245,2.376443386077881
787,0.03132106307256788,49.08485103708077,106380,2.379415988922119
788,0.03132106307256788,46.73835019326177,106515,2.382336378097534
789,0.03132106307256788,53.09053490525385,106650,2.38510799407959
790,0.03132106307256788,56.87045403343365,106785,2.3882973194122314
791,0.03132106307256788,47.48916551584216,106920,2.3910603523254395
792,0.03132106307256788,52.33972118988256,107055,2.394024133682251
793,0.03132106307256788,45.09756805708828,107190,2.3970372676849365
794,0.03132106307256788,40.604899204018025,107325,2.399925947189331
795,0.03132106307256788,40.53067611887094,107460,2.4029221534729004
796,0.03132106307256788,46.58878848822219,107595,2.405928134918213
797,0.03132106307256788,55.062912183817055,107730,2.409101724624634
798,0.03132106307256788,51.83150969638819,107865,2.412179708480835
799,0.03132106307256788,60.84924360357444,108000,2.4150538444519043
800,0.03132106307256788,40.5546714403948,108135,2.418032646179199
801,0.03132106307256788,52.70248763992353,108270,2.4210360050201416
802,0.03132106307256788,39.350124591148656,108405,2.42397403717041
803,0.03132106307256788,50.81180410384976,108540,2.4270565509796143
804,0.03132106307256788,43.57724388368165,108675,2.4300620555877686
805,0.03132106307256788,49.6192632970408,108810,2.433133602142334
806,0.03132106307256788,44.13456010552672,108945,2.436408042907715
807,0.03132106307256788,44.10020347232135,109080,2.4392383098602295
808,0.03132106307256788,43.5857120933653,109215,2.442199230194092
809,0.03132106307256788,52.086625883187224,109350,2.445295572280884
810,0.03132106307256788,46.10651669850755,109485,2.4482293128967285
811,0.03132106307256788,50.84334462376299,109620,2.4513301849365234
812,0.03132106307256788,48.726016103070954,109755,2.454392433166504
813,0.03132106307256788,48.51086017674242,109890,2.4571969509124756
814,0.03132106307256788,55.29299585520312,110025,2.460092782974243
815,0.03132106307256788,47.688148813012006,110160,2.4630320072174072
816,0.03132106307256788,44.6829768312534,110295,2.4661428928375244
817,0.03132106307256788,46.641141376542336,110430,2.469259738922119
818,0.03132106307256788,48.519695740311164,110565,2.472245454788208
819,0.03132106307256788,56.96449139382563,110700,2.475090503692627
820,0.03132106307256788,48.0859772689068,110835,2.4779093265533447
821,0.03132106307256788,52.49394902053224,110970,2.4808952808380127
822,0.03132106307256788,46.009601501613005,111105,2.4837687015533447
823,0.03132106307256788,46.75754422237829,111240,2.486645460128784
824,0.03132106307256788,52.02795189266453,111375,2.4898018836975098
825,0.03132106307256788,44.92536817952625,111510,2.492885112762451
826,0.03132106307256788,44.754349456669416,111645,2.495931625366211
827,0.03132106307256788,42.92223912251024,111780,2.4985954761505127
828,0.03132106307256788,46.92554788835667,111915,2.5015652179718018
829,0.03132106307256788,54.476868535193915,112050,2.504420280456543
830,0.03132106307256788,42.13214472022977,112185,2.507314682006836
831,0.03132106307256788,47.57526252416762,112320,2.5103189945220947
832,0.03132106307256788,41.205799163026654,112455,2.5133326053619385
833,0.03132106307256788,45.21548240193025,112590,2.51639461517334
834,0.03132106307256788,50.96940690642541,112725,2.519318103790283
835,0.03132106307256788,42.59147565440394,112860,2.522268533706665
836,0.03132106307256788,52.111024870835564,112995,2.5251495838165283
837,0.03132106307256788,52.70857486102993,113130,2.528287887573242
838,0.03132106307256788,53.860236303712185,113265,2.531322717666626
839,0.03132106307256788,41.310797153633565,113400,2.5345280170440674
840,0.03132106307256788,49.183799264364275,113535,2.5377726554870605
841,0.03132106307256788,43.539910104010865,113670,2.5406806468963623
842,0.03132106307256788,51.25108225571467,113805,2.543715000152588
843,0.03132106307256788,40.2619830510391,113940,2.546710968017578
844,0.03132106307256788,49.39267225395756,114075,2.5495615005493164
845,0.03132106307256788,50.64894324728239,114210,2.552633762359619
846,0.03132106307256788,44.58966723341106,114345,2.555647850036621
847,0.03132106307256788,45.99904222348438,114480,2.5584018230438232
848,0.03132106307256788,44.745980111162694,114615,2.5613815784454346
849,0.03132106307256788,53.0323865536201,114750,2.5641255378723145
850,0.03132106307256788,46.60303232386188,114885,2.5671401023864746
851,0.03132106307256788,54.07316404488435,115020,2.5701682567596436
852,0.03132106307256788,48.78320605732846,115155,2.572962999343872
853,0.03132106307256788,44.53889457195349,115290,2.5762672424316406
854,0.03132106307256788,50.13403134788037,115425,2.579075574874878
855,0.03132106307256788,49.64557731432626,115560,2.582253932952881
856,0.03132106307256788,44.55820626560394,115695,2.5851714611053467
857,0.03132106307256788,55.52141349014294,115830,2.588096857070923
858,0.03132106307256788,52.74965375256035,115965,2.5910613536834717
859,0.03132106307256788,48.37845409073633,116100,2.594116687774658
860,0.03132106307256788,51.552012499869434,116235,2.5969839096069336
861,0.03132106307256788,46.121989208250646,116370,2.599829912185669
862,0.03132106307256788,55.79088218769844,116505,2.6029796600341797
863,0.03132106307256788,45.72346013896603,116640,2.6061811447143555
864,0.03132106307256788,46.19363840464383,116775,2.6091673374176025
865,0.03132106307256788,52.11738921482332,116910,2.612215280532837
866,0.03132106307256788,45.95593408011155,117045,2.615216016769409
867,0.03132106307256788,57.90870839625875,117180,2.61798095703125
868,0.03132106307256788,51.75848522883923,117315,2.6210567951202393
869,0.03132106307256788,46.696629990593955,117450,2.623845338821411
870,0.03132106307256788,42.576151942732956,117585,2.6266701221466064
871,0.03132106307256788,43.891428231378846,117720,2.6299052238464355
872,0.03132106307256788,45.83546552128159,117855,2.632758855819702
873,0.03132106307256788,44.31669194195944,117990,2.6356098651885986
874,0.03132106307256788,52.4728888398416,118125,2.63848614692688
875,0.03132106307256788,52.592576202603546,118260,2.6415319442749023
876,0.03132106307256788,46.17997284299345,118395,2.644481658935547
877,0.03132106307256788,50.07574742842335,118530,2.6475322246551514
878,0.03132106307256788,47.10250554286368,118665,2.650498151779175
879,0.03132106307256788,40.40661496465711,118800,2.6535110473632812
880,0.03132106307256788,46.7466608902582,118935,2.65643310546875
881,0.03132106307256788,51.669165991110866,119070,2.6597580909729004
882,0.03132106307256788,48.687761441889926,119205,2.662822961807251
883,0.03132106307256788,48.31157460781882,119340,2.665809392929077
884,0.03132106307256788,45.72639741815808,119475,2.6687440872192383
885,0.03132106307256788,44.68077314525926,119610,2.671599864959717
886,0.03132106307256788,47.200738940822596,119745,2.6744627952575684
887,0.03132106307256788,49.56962027430984,119880,2.6773624420166016
888,0.03132106307256788,53.944032676631245,120015,2.6804280281066895
889,0.03132106307256788,55.489976507520645,120150,2.6833908557891846
890,0.03132106307256788,53.69635660122954,120285,2.6863396167755127
891,0.03132106307256788,46.32665539306585,120420,2.6892592906951904
892,0.03132106307256788,39.86560734542298,120555,2.692100763320923
893,0.03132106307256788,45.88134096698142,120690,2.694991111755371
894,0.03132106307256788,51.25025486345809,120825,2.6980936527252197
895,0.03132106307256788,48.503787416111734,120960,2.701043128967285
896,0.03132106307256788,45.97309459390065,121095,2.7039108276367188
897,0.03132106307256788,49.30351556783964,121230,2.7068989276885986
898,0.03132106307256788,43.28505896058575,121365,2.710010051727295
899,0.03132106307256788,46.08071224364315,121500,2.7128663063049316
900,0.03132106307256788,46.43460918569606,121635,2.7157912254333496
901,0.03132106307256788,50.47077030321078,121770,2.7186877727508545
902,0.03132106307256788,52.004384867636304,121905,2.7215545177459717
903,0.03132106307256788,50.32741831693981,122040,2.7245590686798096
904,0.03132106307256788,44.768798310672516,122175,2.7274954319000244
905,0.03132106307256788,46.973556238467765,122310,2.7303783893585205
906,0.03132106307256788,52.243146804537695,122445,2.733372211456299
907,0.03132106307256788,50.87784971553928,122580,2.736452579498291
908,0.03132106307256788,52.729381270173256,122715,2.7396860122680664
909,0.03132106307256788,48.366217601982314,122850,2.742633819580078
910,0.03132106307256788,53.49093726387184,122985,2.7455992698669434
911,0.03132106307256788,42.55030043078463,123120,2.7484257221221924
912,0.03132106307256788,48.74038570485258,123255,2.751460075378418
913,0.03132106307256788,49.244759668719674,123390,2.754457950592041
914,0.03132106307256788,42.4425578334029,123525,2.7572836875915527
915,0.03132106307256788,51.798822944197475,123660,2.760223865509033
916,0.03132106307256788,42.95612746333536,123795,2.7632083892822266
917,0.03132106307256788,49.883821381918764,123930,2.7661664485931396
918,0.03132106307256788,55.38757984368507,124065,2.7692034244537354
919,0.03132106307256788,51.82887745462385,124200,2.7721328735351562
920,0.03132106307256788,40.18194476884204,124335,2.7751522064208984
921,0.03132106307256788,45.845971394476784,124470,2.7781522274017334
922,0.03132106307256788,45.624501858133684,124605,2.781158924102783
923,0.03132106307256788,58.07339913835413,124740,2.7844278812408447
924,0.03132106307256788,50.24509941394173,124875,2.787407636642456
925,0.03132106307256788,40.72014455165525,125010,2.790231943130493
926,0.03132106307256788,41.583660068771,125145,2.793212652206421
927,0.03132106307256788,48.9449572700315,125280,2.796027898788452
928,0.03132106307256788,52.37786959739815,125415,2.798980712890625
929,0.03132106307256788,45.5190913926678,125550,2.801962375640869
930,0.03132106307256788,51.81392125525886,125685,2.804957389831543
931,0.03132106307256788,50.67818859741952,125820,2.8080639839172363
932,0.03132106307256788,47.75093024252042,125955,2.8108561038970947
933,0.03132106307256788,53.97396117142504,126090,2.813807725906372
934,0.03132106307256788,47.70280749283146,126225,2.816816568374634
935,0.03132106307256788,44.674802083202664,126360,2.8197147846221924
936,0.03132106307256788,46.149163360162596,126495,2.822700262069702
937,0.03132106307256788,50.17483506859591,126630,2.8256194591522217
938,0.03132106307256788,48.64840930586819,126765,2.8284752368927
939,0.03132106307256788,51.89764450324211,126900,2.831652879714966
940,0.03132106307256788,40.22036618446528,127035,2.8345868587493896
941,0.03132106307256788,40.2923212765972,127170,2.837484121322632
942,0.03132106307256788,48.41896208853188,127305,2.8404479026794434
943,0.03132106307256788,51.0106783549141,127440,2.843538522720337
944,0.03132106307256788,50.53049363327637,127575,2.846417188644409
945,0.03132106307256788,45.07252782239174,127710,2.849393367767334
946,0.03132106307256788,52.03528324428807,127845,2.852416515350342
947,0.03132106307256788,51.92318535552484,127980,2.8555362224578857
948,0.03132106307256788,52.61374396147475,128115,2.858630418777466
949,0.03132106307256788,49.71595333532286,128250,2.861663579940796
950,0.03132106307256788,50.14883138673886,128385,2.8647966384887695
951,0.03132106307256788,46.758345874484995,128520,2.867729663848877
952,0.03132106307256788,43.77681701465427,128655,2.8707306385040283
953,0.03132106307256788,53.984710833809665,128790,2.8737165927886963
954,0.03132106307256788,46.93734364422445,128925,2.8768651485443115
955,0.03132106307256788,51.92244620756696,129060,2.879772901535034
956,0.03132106307256788,47.8246740242179,129195,2.882704257965088
957,0.03132106307256788,49.298970533714126,129330,2.885610342025757
958,0.03132106307256788,49.77359194796121,129465,2.8886806964874268
959,0.03132106307256788,43.479768454025994,129600,2.8917553424835205
960,0.03132106307256788,48.110228244184185,129735,2.894771099090576
961,0.03132106307256788,52.82007780787454,129870,2.897634744644165
962,0.03132106307256788,47.79113429064266,130005,2.900521755218506
963,0.03132106307256788,43.45116543079227,130140,2.9034805297851562
964,0.03132106307256788,47.176366402143444,130275,2.90639591217041
965,0.03132106307256788,44.363707710498794,130410,2.9093613624572754
966,0.03132106307256788,48.41300416429488,130545,2.912132501602173
967,0.03132106307256788,48.45854221021556,130680,2.9152679443359375
968,0.03132106307256788,49.076493865869864,130815,2.918548345565796
969,0.03132106307256788,54.811611433311896,130950,2.9215574264526367
970,0.03132106307256788,48.58243933989854,131085,2.9246985912323
971,0.03132106307256788,46.891044877957576,131220,2.9274237155914307
972,0.03132106307256788,46.20945007446617,131355,2.930506944656372
973,0.03132106307256788,51.373066257560524,131490,2.933581590652466
974,0.03132106307256788,40.38315599977336,131625,2.9364852905273438
975,0.03132106307256788,54.66390422044053,131760,2.93942928314209
976,0.03132106307256788,54.56249191533497,131895,2.942439079284668
977,0.03132106307256788,52.380881768564656,132030,2.945364475250244
978,0.03132106307256788,46.33886440580677,132165,2.948221206665039
979,0.03132106307256788,53.91497067273719,132300,2.9511868953704834
980,0.03132106307256788,49.74446188681532,132435,2.9542269706726074
981,0.03132106307256788,44.23902585727338,132570,2.957106113433838
982,0.03132106307256788,48.44843422034948,132705,2.960305690765381
983,0.03132106307256788,46.19902040221869,132840,2.963273286819458
984,0.03132106307256788,49.922178947478116,132975,2.966437339782715
985,0.03132106307256788,44.75791559074397,133110,2.9694368839263916
986,0.03132106307256788,57.47189620405369,133245,2.9724719524383545
987,0.03132106307256788,46.195199848725956,133380,2.975450277328491
988,0.03132106307256788,54.05493117002308,133515,2.9783973693847656
989,0.03132106307256788,47.107066185628014,133650,2.981341600418091
990,0.03132106307256788,47.47807328506394,133785,2.9844934940338135
991,0.03132106307256788,45.43786959030421,133920,2.9874427318573
992,0.03132106307256788,53.566784395017045,134055,2.9902985095977783
993,0.03132106307256788,46.87896906637277,134190,2.9931421279907227
994,0.03132106307256788,44.22304558243266,134325,2.9959449768066406
995,0.03132106307256788,42.86076365593968,134460,2.9989798069000244
996,0.03132106307256788,50.988675214243926,134595,3.001927614212036
997,0.03132106307256788,54.212637434718076,134730,3.005016565322876
998,0.03132106307256788,57.30395293274099,134865,3.008070230484009
999,0.03132106307256788,44.30509927038422,135000,3.0109035968780518
