gen,best_fitness,mean_fitness,evals,time_sec
0,17843.13200506436,21191.876099870708,60,0.0013513565063476562
1,17843.13200506436,20857.60047664205,130,0.005007266998291016
2,17843.13200506436,20454.983128786636,233,0.015791654586791992
3,17843.13200506436,20245.61599456517,289,0.020928144454956055
4,17843.13200506436,20102.264204512976,345,0.02591562271118164
5,17843.13200506436,20014.923776905427,402,0.031569719314575195
6,17810.542130002126,19905.02410487927,459,0.03654885292053223
7,17810.542130002126,19842.870457700705,510,0.04149365425109863
8,17810.542130002126,19782.365116973273,559,0.04597806930541992
9,17525.088473147738,19738.420679409573,614,0.05080461502075195
10,17525.088473147738,19701.912548011973,675,0.05605173110961914
11,17403.47537102936,19649.771097843095,733,0.06097841262817383
12,16910.948717204243,19588.488616506507,792,0.0660867691040039
13,16638.822334047378,19540.146474713205,844,0.0707695484161377
14,16638.822334047378,19509.80281189602,898,0.07554054260253906
15,16604.85151868837,19480.85752683235,953,0.08026790618896484
16,16604.85151868837,19465.705413300453,1005,0.08472537994384766
17,15875.17786040439,19418.762015265118,1055,0.08935546875
18,15875.17786040439,19411.310954855195,1106,0.09388017654418945
19,15875.17786040439,19393.978136275484,1158,0.0984492301940918
20,15691.389632541264,19342.608333296375,1208,0.10308361053466797
21,15351.820567975476,19324.346009986966,1256,0.10725665092468262
22,15351.820567975476,19311.94381872626,1303,0.11150979995727539
23,15351.820567975476,19275.68007230377,1352,0.11642122268676758
24,15351.820567975476,19222.39728612736,1402,0.12102508544921875
25,15351.820567975476,19221.36835643779,1452,0.125624418258667
26,15351.820567975476,19210.323100269008,1503,0.13043737411499023
27,15351.820567975476,19192.24639150924,1549,0.13510513305664062
28,15351.820567975476,19190.735381381295,1601,0.13973116874694824
29,15351.820567975476,19181.95929506067,1647,0.14405012130737305
30,15219.687958556422,19155.764447808462,1691,0.14802241325378418
31,15219.687958556422,19133.77663183297,1735,0.1527552604675293
32,15219.687958556422,19130.80339018249,1779,0.15722966194152832
33,15219.687958556422,19130.80339018249,1823,0.161285400390625
34,15219.687958556422,19105.36421499195,1869,0.16621017456054688
35,15219.687958556422,19103.511153806827,1915,0.1708531379699707
36,15219.687958556422,19095.31223805158,1961,0.17470550537109375
37,15219.687958556422,19087.04467829005,2008,0.17911362648010254
38,15219.687958556422,19080.39316779544,2054,0.18318462371826172
39,15219.687958556422,19070.948597399125,2097,0.18696069717407227
40,15219.687958556422,19067.859006397448,2140,0.19102907180786133
41,15219.687958556422,19032.889175268414,2183,0.1949007511138916
42,15219.687958556422,19014.28026262535,2225,0.19877314567565918
43,15219.687958556422,19012.96340309516,2266,0.20275211334228516
44,15219.687958556422,19006.230456109723,2307,0.2065441608428955
45,15219.687958556422,19002.73147290326,2346,0.21045637130737305
46,15219.687958556422,18990.0613310451,2388,0.2143087387084961
47,15219.687958556422,18984.405126490226,2429,0.2181534767150879
48,15219.687958556422,18984.405126490226,2470,0.22178220748901367
49,15199.85504972645,18976.25101131295,2510,0.2254505157470703
50,15199.85504972645,18969.158013126606,2550,0.22938251495361328
51,15199.85504972645,18969.158013126606,2591,0.23304343223571777
52,15199.85504972645,18969.158013126606,2631,0.23666691780090332
53,15199.85504972645,18969.158013126606,2671,0.24028897285461426
54,15199.85504972645,18967.61510665156,2711,0.24390411376953125
55,15199.85504972645,18948.909273996174,2751,0.24743986129760742
56,15199.85504972645,18941.16158474639,2788,0.2507364749908447
57,15199.85504972645,18936.38911521422,2824,0.2541980743408203
58,15199.85504972645,18935.808511496616,2858,0.2572331428527832
59,15199.85504972645,18930.692424766185,2892,0.26033544540405273
60,15199.85504972645,18930.692424766185,2926,0.26336216926574707
61,15199.85504972645,18930.692424766185,2960,0.2666187286376953
62,15199.85504972645,18930.692424766185,2994,0.26961517333984375
63,15199.85504972645,18920.35082010453,3026,0.2725844383239746
64,15199.85504972645,18920.35082010453,3054,0.2752797603607178
65,15199.85504972645,18920.35082010453,3082,0.2779219150543213
66,15199.85504972645,18917.687655035716,3105,0.2800116539001465
67,15199.85504972645,18917.687655035716,3128,0.2820596694946289
68,15199.85504972645,18912.18644920059,3151,0.28412818908691406
69,15199.85504972645,18912.18644920059,3171,0.28603577613830566
70,15199.85504972645,18912.18644920059,3189,0.28794050216674805
71,15199.85504972645,18912.18644920059,3203,0.2893846035003662
72,15199.85504972645,18912.18644920059,3221,0.2910268306732178
73,15199.85504972645,18903.25219714538,3235,0.29239606857299805
74,15199.85504972645,18903.25219714538,3249,0.2937486171722412
75,15199.85504972645,18903.25219714538,3262,0.29506611824035645
76,15199.85504972645,18903.25219714538,3274,0.2962038516998291
77,15199.85504972645,18889.33520073658,3292,0.29802370071411133
78,15199.85504972645,18877.151810551095,3314,0.3002474308013916
79,15199.85504972645,18849.89362172799,3327,0.30157923698425293
80,15199.85504972645,18849.57495681133,3340,0.30283570289611816
81,15199.85504972645,18849.57495681133,3354,0.3041970729827881
82,15199.85504972645,18847.122492868864,3367,0.30556368827819824
83,15199.85504972645,18847.122492868864,3379,0.30676865577697754
84,15199.85504972645,18845.25238878443,3391,0.30799269676208496
85,15199.85504972645,18832.3583965202,3403,0.30919790267944336
86,15199.85504972645,18812.995354672315,3417,0.3105900287628174
87,15199.85504972645,18807.001561499634,3429,0.31179237365722656
88,15199.85504972645,18803.682613382,3441,0.3129584789276123
89,15199.85504972645,18803.682613382,3454,0.3141934871673584
90,15199.85504972645,18789.09968550944,3466,0.31531572341918945
91,15199.85504972645,18789.09968550944,3479,0.3165438175201416
92,15199.85504972645,18765.73349219955,3491,0.31768131256103516
93,15199.85504972645,18763.772547299777,3503,0.3189387321472168
94,15199.85504972645,18763.772547299777,3515,0.320281982421875
95,15199.85504972645,18759.595180518427,3527,0.3215293884277344
96,15199.85504972645,18741.802555147304,3548,0.323483943939209
97,15199.85504972645,18730.6205730897,3560,0.32468342781066895
98,15199.85504972645,18719.89992825374,3572,0.32584452629089355
99,15199.85504972645,18712.377287257983,3591,0.3278229236602783
100,15199.85504972645,18690.05824529829,3610,0.32964348793029785
101,15199.85504972645,18671.89959274746,3622,0.33090972900390625
102,15199.85504972645,18671.198400921272,3635,0.33226847648620605
103,15199.85504972645,18666.16678856224,3647,0.3334352970123291
104,15199.85504972645,18666.16678856224,3659,0.3345615863800049
105,15199.85504972645,18662.552538279677,3671,0.3357665538787842
106,15199.85504972645,18660.261125559875,3683,0.33689403533935547
107,15199.85504972645,18660.261125559875,3697,0.33826518058776855
108,15199.85504972645,18660.261125559875,3709,0.33943986892700195
109,15199.85504972645,18651.43469926015,3721,0.3406250476837158
110,15199.85504972645,18641.71550095095,3733,0.34179186820983887
111,15199.85504972645,18638.091251464582,3745,0.3429086208343506
112,15199.85504972645,18638.091251464582,3758,0.34418749809265137
113,15199.85504972645,18632.119874317854,3775,0.3459765911102295
114,15199.85504972645,18632.119874317854,3793,0.3477931022644043
115,15199.85504972645,18632.119874317854,3811,0.34963488578796387
116,15199.85504972645,18632.119874317854,3829,0.35152745246887207
117,15199.85504972645,18624.346329498447,3847,0.3533482551574707
118,15199.85504972645,18595.311490933767,3864,0.35493898391723633
119,15199.85504972645,18591.25200036616,3880,0.3565704822540283
120,15199.85504972645,18589.384209020012,3892,0.35777974128723145
121,15199.85504972645,18566.970426776865,3904,0.35905957221984863
122,15199.85504972645,18566.970426776865,3916,0.3602461814880371
123,15199.85504972645,18566.970426776865,3928,0.36139535903930664
124,15199.85504972645,18564.70674112276,3940,0.3625483512878418
125,15199.85504972645,18532.737852054543,3952,0.3638272285461426
126,15199.85504972645,18525.398843869476,3964,0.36507582664489746
127,15199.85504972645,18525.398843869476,3976,0.36621832847595215
128,15199.85504972645,18519.45126854863,3988,0.36739206314086914
129,15199.85504972645,18514.33550712714,4000,0.3685460090637207
130,15199.85504972645,18514.33550712714,4012,0.3697633743286133
131,15199.85504972645,18513.415628038816,4024,0.37114381790161133
132,14936.360262228292,18507.5863559777,4036,0.372448205947876
133,14511.803077900086,18500.510402905562,4048,0.37364935874938965
134,14452.812645687374,18499.52722903535,4060,0.37494587898254395
135,14452.812645687374,18499.52722903535,4072,0.37613439559936523
136,14452.812645687374,18499.52722903535,4084,0.37730836868286133
137,14452.812645687374,18499.52722903535,4096,0.3786332607269287
138,14452.812645687374,18497.403584266653,4115,0.38057518005371094
139,14452.812645687374,18479.031384567228,4127,0.3817324638366699
140,14452.812645687374,18479.031384567228,4139,0.3830280303955078
141,14150.741564347536,18461.55798750332,4151,0.3842787742614746
142,14150.741564347536,18461.55798750332,4164,0.38555359840393066
143,14150.741564347536,18458.724383770492,4176,0.38677501678466797
144,14150.741564347536,18458.724383770492,4188,0.38799118995666504
145,14150.741564347536,18452.653952030098,4200,0.3893277645111084
146,14150.741564347536,18452.653952030098,4212,0.3905351161956787
147,14150.741564347536,18452.653952030098,4224,0.3916795253753662
148,14150.741564347536,18452.653952030098,4236,0.3928205966949463
149,14150.741564347536,18450.34280708579,4248,0.3939962387084961
150,14150.741564347536,18450.34280708579,4260,0.39514970779418945
151,14150.741564347536,18450.34280708579,4272,0.39635443687438965
152,14150.741564347536,18441.058725209707,4284,0.39760470390319824
153,14150.741564347536,18440.449632649317,4296,0.3987729549407959
154,14150.741564347536,18435.15069001899,4317,0.4007902145385742
155,14150.741564347536,18435.15069001899,4329,0.4019768238067627
156,14150.741564347536,18404.707671920554,4341,0.40318799018859863
157,14150.741564347536,18404.707671920554,4361,0.40516209602355957
158,14150.741564347536,18404.707671920554,4379,0.406813383102417
159,14150.741564347536,18397.157311111943,4399,0.40881800651550293
160,14150.741564347536,18394.6350976298,4411,0.40999436378479004
161,14150.741564347536,18392.87287590674,4423,0.4111328125
162,14150.741564347536,18373.83541707216,4435,0.4122731685638428
163,14150.741564347536,18373.83541707216,4447,0.41344475746154785
164,14150.741564347536,18358.559562983257,4459,0.41460442543029785
165,14150.741564347536,18358.559562983257,4471,0.41576147079467773
166,14150.741564347536,18357.535587963423,4483,0.4169161319732666
167,14150.741564347536,18351.566121324806,4495,0.4181389808654785
168,14150.741564347536,18346.645996722666,4507,0.4193248748779297
169,14150.741564347536,18346.645996722666,4519,0.4204576015472412
170,14150.741564347536,18336.809800429266,4531,0.42162609100341797
171,14150.741564347536,18336.278454925752,4551,0.42367100715637207
172,14150.741564347536,18327.900319152886,4570,0.4255180358886719
173,14150.741564347536,18311.00421204592,4589,0.42755889892578125
174,14150.741564347536,18311.00421204592,4601,0.42870521545410156
175,14150.741564347536,18302.94601145801,4613,0.4298577308654785
176,14150.741564347536,18302.94601145801,4626,0.43121933937072754
177,14150.741564347536,18301.8023034575,4638,0.43236851692199707
178,14150.741564347536,18286.14059872158,4650,0.4335646629333496
179,14150.741564347536,18283.25636059275,4662,0.4347209930419922
180,14150.741564347536,18283.25636059275,4674,0.4358677864074707
181,14150.741564347536,18283.25636059275,4686,0.43706297874450684
182,14150.741564347536,18267.329638806732,4698,0.4382030963897705
183,14150.741564347536,18261.823218894897,4710,0.4394056797027588
184,14150.741564347536,18260.558354771332,4722,0.44060778617858887
185,14150.741564347536,18258.494221106772,4735,0.44189023971557617
186,14150.741564347536,18256.50010485824,4747,0.443056583404541
187,14150.741564347536,18256.50010485824,4759,0.4442319869995117
188,14150.741564347536,18256.50010485824,4771,0.44540882110595703
189,14150.741564347536,18256.50010485824,4791,0.4473075866699219
190,14150.741564347536,18256.50010485824,4811,0.4493262767791748
191,14150.741564347536,18241.268178218965,4831,0.45131850242614746
192,14150.741564347536,18230.88269153506,4849,0.45302844047546387
193,14150.741564347536,18208.879419436256,4867,0.4548032283782959
194,14150.741564347536,18205.729257851075,4879,0.4560272693634033
195,14150.741564347536,18202.13130248844,4897,0.45772266387939453
196,14150.741564347536,18195.77567130127,4915,0.45961594581604004
197,14150.741564347536,18180.49967860237,4932,0.4613654613494873
198,14150.741564347536,18158.30248322381,4953,0.46344757080078125
199,14150.741564347536,18150.19462039267,4965,0.46469950675964355
200,14150.741564347536,18126.670556639485,4977,0.4658622741699219
201,14150.741564347536,18116.38731323541,4989,0.4670522212982178
202,14150.741564347536,18116.38731323541,5001,0.4683239459991455
203,14150.741564347536,18098.25165608405,5013,0.46958374977111816
204,14150.741564347536,18098.25165608405,5025,0.47074079513549805
205,14150.741564347536,18094.953828126436,5038,0.4719424247741699
206,14150.741564347536,18094.953828126436,5050,0.4730868339538574
207,14150.741564347536,18085.12805168739,5062,0.47427940368652344
208,14150.741564347536,18085.12805168739,5075,0.47566747665405273
209,14150.741564347536,18085.12805168739,5087,0.4768226146697998
210,14150.741564347536,18085.12805168739,5099,0.4780404567718506
211,14150.741564347536,18085.12805168739,5111,0.4793424606323242
212,14150.741564347536,18085.12805168739,5123,0.4805335998535156
213,14150.741564347536,18063.435123638115,5142,0.48250889778137207
214,14150.741564347536,18016.038450645625,5154,0.48371195793151855
215,14150.741564347536,18016.038450645625,5167,0.48503804206848145
216,14150.741564347536,18016.038450645625,5179,0.48629260063171387
217,14150.741564347536,18016.038450645625,5192,0.4875824451446533
218,14150.741564347536,18009.83194666203,5204,0.48873472213745117
219,14150.741564347536,18009.83194666203,5218,0.49011850357055664
220,14150.741564347536,18009.83194666203,5230,0.4912557601928711
221,14150.741564347536,18009.83194666203,5242,0.49239325523376465
222,14150.741564347536,18009.83194666203,5255,0.49364542961120605
223,14150.741564347536,17999.042909568525,5268,0.49488162994384766
224,14150.741564347536,17984.26782930533,5281,0.49623560905456543
225,14150.741564347536,17977.532595723173,5294,0.49755287170410156
226,14150.741564347536,17977.532595723173,5308,0.4989755153656006
227,14150.741564347536,17977.532595723173,5321,0.5002472400665283
228,14150.741564347536,17977.532595723173,5335,0.5015742778778076
229,14087.092248369605,17969.9877866716,5349,0.5029842853546143
230,14087.092248369605,17969.9877866716,5367,0.5045971870422363
231,14087.092248369605,17969.9877866716,5381,0.5060217380523682
232,14069.720380022334,17969.69825553248,5401,0.5081679821014404
233,14069.720380022334,17969.69825553248,5420,0.5099582672119141
234,13443.724547070211,17959.19454896961,5439,0.5119786262512207
235,13443.724547070211,17955.228211746045,5462,0.5140960216522217
236,13443.724547070211,17955.228211746045,5476,0.5154743194580078
237,13421.403070946224,17954.85618714398,5506,0.5182645320892334
238,13421.403070946224,17954.85618714398,5519,0.5195658206939697
239,13421.403070946224,17905.740709505062,5619,0.5291562080383301
240,13421.403070946224,17877.182046760612,5633,0.5307328701019287
241,13421.403070946224,17868.310967071953,5647,0.5321879386901855
242,13421.403070946224,17847.254878199004,5661,0.5335636138916016
243,13421.403070946224,17801.34970510019,5675,0.5349154472351074
244,13421.403070946224,17801.214959744066,5689,0.5364031791687012
245,13421.403070946224,17801.214959744066,5703,0.537928581237793
246,13421.403070946224,17797.766588592913,5717,0.5393707752227783
247,13227.378742661718,17788.759324102455,5731,0.5407440662384033
248,13227.378742661718,17788.759324102455,5745,0.5421888828277588
249,13227.378742661718,17788.759324102455,5759,0.5435903072357178
250,13227.378742661718,17788.759324102455,5773,0.5449604988098145
251,13227.378742661718,17788.759324102455,5793,0.5467569828033447
252,13069.53978920481,17737.779071929774,5896,0.5563955307006836
253,13069.53978920481,17675.726882666073,5924,0.5592036247253418
254,13069.53978920481,17655.27879555418,5948,0.5614814758300781
255,13069.53978920481,17615.387441858336,5973,0.5639204978942871
256,13069.53978920481,17606.847414487984,5997,0.5664150714874268
257,13069.53978920481,17604.10175386105,6020,0.5686488151550293
258,13069.53978920481,17582.256023564692,6043,0.5709350109100342
259,13069.53978920481,17560.155005152497,6068,0.5732040405273438
260,13069.53978920481,17560.155005152497,6092,0.575415849685669
261,13069.53978920481,17555.77500861445,6116,0.57759690284729
262,13069.53978920481,17527.20793165865,6141,0.5797836780548096
263,13069.53978920481,17520.368216610823,6168,0.5821239948272705
264,13069.53978920481,17493.395592659075,6195,0.5844578742980957
265,13069.53978920481,17467.43491419283,6222,0.586796760559082
266,13069.53978920481,17453.4557941791,6247,0.5890200138092041
267,13069.53978920481,17444.232987609914,6272,0.5912137031555176
268,13069.53978920481,17439.784484181782,6298,0.593583345413208
269,13069.53978920481,17437.48423658568,6324,0.5960085391998291
270,13069.53978920481,17419.290199193536,6350,0.5982248783111572
271,13069.53978920481,17415.637350228957,6377,0.6006639003753662
272,13069.53978920481,17403.761512690417,6401,0.6028964519500732
273,13069.53978920481,17401.686999704343,6427,0.6051363945007324
274,13069.53978920481,17379.794898321758,6453,0.6073822975158691
275,13069.53978920481,17373.9997244944,6478,0.6098244190216064
276,13069.53978920481,17361.709426345624,6503,0.6120824813842773
277,13069.53978920481,17355.297889830617,6526,0.6141738891601562
278,13069.53978920481,17355.297889830617,6549,0.616328239440918
279,13069.53978920481,17352.759022516653,6572,0.6183855533599854
280,13069.53978920481,17352.759022516653,6595,0.6207563877105713
281,13069.53978920481,17352.759022516653,6618,0.6228833198547363
282,13069.53978920481,17347.49399805343,6641,0.6250162124633789
283,13069.53978920481,17343.94386418877,6665,0.6271662712097168
284,13069.53978920481,17324.42711848043,6690,0.6293718814849854
285,13069.53978920481,17324.42711848043,6715,0.6316077709197998
286,13069.53978920481,17324.42711848043,6740,0.6339564323425293
287,13069.53978920481,17323.153102820597,6765,0.6363363265991211
288,13069.53978920481,17323.153102820597,6790,0.6385157108306885
289,13069.53978920481,17323.153102820597,6811,0.6404623985290527
290,13069.53978920481,17323.153102820597,6832,0.6424100399017334
291,13069.53978920481,17323.153102820597,6853,0.6443114280700684
292,13069.53978920481,17316.413120294812,6874,0.6464333534240723
293,13069.53978920481,17306.498019190865,6895,0.6483628749847412
294,13069.53978920481,17301.307604576745,6915,0.6502735614776611
295,13069.53978920481,17301.307604576745,6934,0.6520395278930664
296,13069.53978920481,17301.307604576745,6954,0.6538782119750977
297,13069.53978920481,17301.307604576745,6973,0.6556360721588135
298,13069.53978920481,17301.307604576745,6992,0.6574587821960449
299,13069.53978920481,17300.37374992589,7011,0.6595933437347412
300,13069.53978920481,17296.759357439027,7030,0.6614835262298584
301,13069.53978920481,17293.229515716837,7051,0.6634089946746826
302,13069.53978920481,17290.836618434154,7071,0.6652429103851318
303,13069.53978920481,17281.18349991808,7091,0.6671054363250732
304,13069.53978920481,17281.18349991808,7110,0.6692500114440918
305,13069.53978920481,17281.18349991808,7128,0.6711618900299072
306,13069.53978920481,17281.18349991808,7146,0.672957181930542
307,13069.53978920481,17281.18349991808,7163,0.6745400428771973
308,13069.53978920481,17281.18349991808,7181,0.6764383316040039
309,13069.53978920481,17281.18349991808,7199,0.678396463394165
310,13069.53978920481,17281.18349991808,7216,0.6799886226654053
311,13069.53978920481,17281.18349991808,7234,0.6816792488098145
312,13069.53978920481,17281.18349991808,7251,0.6834356784820557
313,13069.53978920481,17281.18349991808,7270,0.6852638721466064
314,13069.53978920481,17277.50092236143,7286,0.6867742538452148
315,13069.53978920481,17277.50092236143,7304,0.6888253688812256
316,13069.53978920481,17269.785474488344,7321,0.6906661987304688
317,13069.53978920481,17269.785474488344,7338,0.6924259662628174
318,13069.53978920481,17269.785474488344,7360,0.6947102546691895
319,13069.53978920481,17269.785474488344,7376,0.6964902877807617
320,13069.53978920481,17269.785474488344,7398,0.6985950469970703
321,13069.53978920481,17269.785474488344,7420,0.700707197189331
322,13069.53978920481,17269.785474488344,7436,0.7024188041687012
323,13069.53978920481,17269.785474488344,7458,0.7044351100921631
324,13069.53978920481,17269.785474488344,7479,0.7065069675445557
325,13069.53978920481,17259.568565783717,7497,0.7083239555358887
326,13069.53978920481,17256.643743337805,7518,0.7104651927947998
327,13069.53978920481,17256.643743337805,7530,0.7116849422454834
328,13069.53978920481,17245.1424047593,7638,0.7211718559265137
329,13069.53978920481,17245.1424047593,7650,0.7223048210144043
330,13069.53978920481,17245.1424047593,7662,0.7234787940979004
331,13069.53978920481,17245.1424047593,7675,0.7247624397277832
332,13069.53978920481,17236.887432332955,7688,0.7260470390319824
333,13069.53978920481,17236.887432332955,7701,0.7274577617645264
334,13069.53978920481,17236.887432332955,7714,0.7287108898162842
335,13069.53978920481,17229.439711193074,7727,0.730010986328125
336,13069.53978920481,17229.439711193074,7740,0.7312521934509277
337,13069.53978920481,17224.902175515297,7753,0.7326130867004395
338,13069.53978920481,17224.902175515297,7861,0.7425577640533447
339,13069.53978920481,17224.902175515297,7880,0.7447500228881836
340,13069.53978920481,17224.902175515297,7898,0.7465004920959473
341,13069.53978920481,17224.902175515297,7916,0.7482578754425049
342,13069.53978920481,17224.902175515297,7934,0.749880313873291
343,13069.53978920481,17224.902175515297,7948,0.7513346672058105
344,13069.53978920481,17224.902175515297,7966,0.7530267238616943
345,13069.53978920481,17224.902175515297,7984,0.7547218799591064
346,13069.53978920481,17224.902175515297,8002,0.7565720081329346
347,13069.53978920481,17224.902175515297,8016,0.758162260055542
348,13069.53978920481,17222.111476563718,8035,0.7599751949310303
349,13069.53978920481,17222.111476563718,8054,0.7618148326873779
350,13069.53978920481,17222.111476563718,8068,0.7631959915161133
351,13069.53978920481,17222.111476563718,8087,0.7650423049926758
352,13069.53978920481,17222.111476563718,8105,0.7669398784637451
353,13069.53978920481,17222.111476563718,8117,0.7681689262390137
354,13069.53978920481,17222.111476563718,8129,0.7693154811859131
355,13069.53978920481,17193.958676845334,8239,0.7789015769958496
356,13069.53978920481,17193.958676845334,8257,0.7808277606964111
357,13069.53978920481,17193.176390068176,8271,0.7822649478912354
358,13069.53978920481,17193.176390068176,8289,0.784165620803833
359,13069.53978920481,17193.176390068176,8307,0.7859289646148682
360,13069.53978920481,17193.176390068176,8325,0.787653923034668
361,13069.53978920481,17191.736123529106,8343,0.7893350124359131
362,13069.53978920481,17191.736123529106,8363,0.7912197113037109
363,13069.53978920481,17184.717504399545,8383,0.7930240631103516
364,13069.53978920481,17184.717504399545,8402,0.794811487197876
365,13069.53978920481,17184.717504399545,8422,0.7970852851867676
366,13069.53978920481,17184.717504399545,8442,0.7988932132720947
367,13069.53978920481,17184.717504399545,8462,0.8007686138153076
368,13069.53978920481,17184.717504399545,8482,0.8025856018066406
369,13069.53978920481,17184.717504399545,8503,0.8045926094055176
370,13069.53978920481,17184.717504399545,8522,0.8063609600067139
371,13069.53978920481,17183.60835150551,8543,0.8083393573760986
372,13069.53978920481,17171.285972266254,8564,0.8105342388153076
373,13069.53978920481,17162.252309893855,8584,0.8123524188995361
374,13069.53978920481,17146.09863804127,8597,0.813570499420166
375,13069.53978920481,17146.09863804127,8705,0.8235623836517334
376,13069.53978920481,17142.26446659401,8722,0.8257706165313721
377,13069.53978920481,17142.26446659401,8739,0.8274316787719727
378,13069.53978920481,17127.491325435134,8756,0.8291723728179932
379,13069.53978920481,17112.955937232335,8772,0.8308639526367188
380,13069.53978920481,17111.777467356616,8788,0.832566499710083
381,13069.53978920481,17106.707212443904,8804,0.8342556953430176
382,13069.53978920481,17106.707212443904,8820,0.8358237743377686
383,13069.53978920481,17106.707212443904,8834,0.8373837471008301
384,13069.53978920481,17103.047375910548,8850,0.8389589786529541
385,13069.53978920481,17103.047375910548,8866,0.8405849933624268
386,13069.53978920481,17103.047375910548,8882,0.8421578407287598
387,13069.53978920481,17103.047375910548,8899,0.8439576625823975
388,13069.53978920481,17103.047375910548,8916,0.8456542491912842
389,13069.53978920481,17103.047375910548,8933,0.8474230766296387
390,13069.53978920481,17103.047375910548,8950,0.8493468761444092
391,13069.53978920481,17103.047375910548,8968,0.8511416912078857
392,13069.53978920481,17103.047375910548,8986,0.8530418872833252
393,13069.53978920481,17103.047375910548,9004,0.8548877239227295
394,13069.53978920481,17094.915073080443,9109,0.8647177219390869
395,13069.53978920481,17073.927620105194,9123,0.8661901950836182
396,13069.53978920481,17073.927620105194,9136,0.8675370216369629
397,13069.53978920481,17073.58183944612,9155,0.8693163394927979
398,13069.53978920481,17069.888449048183,9168,0.8705801963806152
399,13069.53978920481,17057.56384099085,9188,0.8722705841064453
400,13069.53978920481,17056.036508698275,9202,0.8739485740661621
401,13069.53978920481,17055.52735751429,9221,0.8756916522979736
402,13069.53978920481,17054.55500033809,9240,0.877622127532959
403,13069.53978920481,17054.55500033809,9254,0.8790600299835205
404,13069.53978920481,17052.000845026105,9273,0.8808395862579346
405,13069.53978920481,17046.47016774496,9292,0.8826220035552979
406,13069.53978920481,17036.702266288885,9311,0.8844096660614014
407,13069.53978920481,17036.702266288885,9330,0.886317253112793
408,13069.53978920481,17036.702266288885,9349,0.8880846500396729
409,13069.53978920481,17035.210358418513,9367,0.889789342880249
410,13069.53978920481,17033.676769338697,9473,0.8996081352233887
411,13069.53978920481,17033.070069467285,9491,0.9014782905578613
412,13069.53978920481,17033.070069467285,9505,0.9029655456542969
413,13069.53978920481,17033.070069467285,9523,0.9046103954315186
414,13069.53978920481,17033.070069467285,9541,0.9063088893890381
415,13069.53978920481,17020.323952364575,9558,0.9079892635345459
416,13069.53978920481,17017.106762030136,9576,0.9098811149597168
417,13069.53978920481,17017.106762030136,9593,0.911553144454956
418,13069.53978920481,17017.106762030136,9610,0.9133327007293701
419,13069.53978920481,17017.106762030136,9628,0.9151082038879395
420,13069.53978920481,17017.106762030136,9646,0.9168171882629395
421,13069.53978920481,17017.106762030136,9663,0.918654203414917
422,13069.53978920481,17017.106762030136,9680,0.9202234745025635
423,13069.53978920481,17017.106762030136,9698,0.921881914138794
424,13069.53978920481,17001.54524471444,9715,0.9235513210296631
425,13069.53978920481,17001.54524471444,9729,0.9249286651611328
426,13069.53978920481,17001.54524471444,9748,0.9268829822540283
427,13069.53978920481,17001.54524471444,9767,0.9286196231842041
428,13069.53978920481,17001.54524471444,9786,0.9304454326629639
429,13069.53978920481,17001.54524471444,9806,0.932379961013794
430,13069.53978920481,17001.54524471444,9825,0.9342103004455566
431,13069.53978920481,16997.41888738119,9929,0.9436190128326416
432,13069.53978920481,16992.13889806196,9949,0.945483922958374
433,13069.53978920481,16989.099306055272,9969,0.9472754001617432
434,13069.53978920481,16988.974230934113,9990,0.949204683303833
435,13069.53978920481,16981.39846946485,10011,0.9512667655944824
436,13069.53978920481,16974.02110687366,10032,0.9532239437103271
437,13069.53978920481,16974.02110687366,10053,0.9552133083343506
438,13069.53978920481,16972.989207246468,10074,0.9570980072021484
439,13069.53978920481,16972.989207246468,10093,0.9587953090667725
440,13069.53978920481,16971.885208684933,10112,0.9606063365936279
441,13069.53978920481,16969.004933258835,10133,0.9625568389892578
442,13069.53978920481,16969.004933258835,10153,0.9643442630767822
443,13069.53978920481,16964.29109855554,10173,0.9662055969238281
444,13069.53978920481,16964.29109855554,10194,0.9681909084320068
445,13069.53978920481,16964.016562619992,10214,0.9699292182922363
446,13069.53978920481,16963.332017420697,10235,0.971881628036499
447,13069.53978920481,16963.332017420697,10256,0.9739389419555664
448,13069.53978920481,16957.834298208745,10276,0.9758083820343018
449,13069.53978920481,16957.834298208745,10297,0.9777631759643555
450,13069.53978920481,16934.561714326548,10318,0.9797871112823486
451,13069.53978920481,16934.561714326548,10338,0.9818434715270996
452,13069.53978920481,16934.561714326548,10350,0.9830179214477539
453,13069.53978920481,16930.777941411812,10458,0.9926290512084961
454,13069.53978920481,16928.417245745626,10472,0.9941060543060303
455,13069.53978920481,16928.417245745626,10486,0.9954986572265625
456,13069.53978920481,16928.417245745626,10500,0.9970121383666992
457,13069.53978920481,16903.407079684654,10514,0.9984314441680908
458,13069.53978920481,16895.754754531365,10528,0.9998161792755127
459,13069.53978920481,16895.754754531365,10547,1.0015969276428223
460,13069.53978920481,16895.754754531365,10566,1.0034630298614502
461,13069.53978920481,16895.754754531365,10580,1.005042314529419
462,13069.53978920481,16895.754754531365,10600,1.006922721862793
463,13069.53978920481,16895.754754531365,10619,1.0086684226989746
464,13069.53978920481,16895.754754531365,10639,1.010521411895752
465,13069.53978920481,16895.754754531365,10659,1.012584924697876
466,13069.53978920481,16895.754754531365,10680,1.0144917964935303
467,13069.53978920481,16895.754754531365,10701,1.0164756774902344
468,13069.53978920481,16895.754754531365,10721,1.018495798110962
469,13069.53978920481,16870.495538239742,10833,1.028421401977539
470,13069.53978920481,16870.495538239742,10849,1.030195713043213
471,13069.53978920481,16870.495538239742,10865,1.0317754745483398
472,13069.53978920481,16870.495538239742,10881,1.0334904193878174
473,13069.53978920481,16870.495538239742,10897,1.0350627899169922
474,13069.53978920481,16870.495538239742,10913,1.0366406440734863
475,13069.53978920481,16870.495538239742,10929,1.0382273197174072
476,13069.53978920481,16870.495538239742,10945,1.0398430824279785
477,13069.53978920481,16865.223053292655,10959,1.0412812232971191
478,13069.53978920481,16860.699046127087,10973,1.042848825454712
479,13069.53978920481,16860.699046127087,10987,1.0442802906036377
480,13069.53978920481,16860.699046127087,11003,1.0458955764770508
481,13069.53978920481,16860.699046127087,11019,1.0474522113800049
482,13069.53978920481,16860.699046127087,11035,1.0491077899932861
483,13069.53978920481,16860.699046127087,11051,1.050701379776001
484,13069.53978920481,16844.99788817964,11068,1.0524170398712158
485,13069.53978920481,16844.99788817964,11080,1.0536928176879883
486,13069.53978920481,16844.99788817964,11188,1.0632402896881104
487,13069.53978920481,16844.99788817964,11202,1.0647609233856201
488,13069.53978920481,16839.460842200104,11216,1.0661475658416748
489,13069.53978920481,16839.460842200104,11230,1.0676496028900146
490,13069.53978920481,16839.460842200104,11244,1.0692777633666992
491,13069.53978920481,16831.113486453818,11258,1.0707142353057861
492,13069.53978920481,16831.113486453818,11271,1.0721595287322998
493,13069.53978920481,16831.113486453818,11285,1.0735437870025635
494,13069.53978920481,16831.113486453818,11299,1.0750272274017334
495,13069.53978920481,16831.113486453818,11312,1.076434850692749
496,13069.53978920481,16831.113486453818,11326,1.0779883861541748
497,13069.53978920481,16831.113486453818,11346,1.0797450542449951
498,13069.53978920481,16831.113486453818,11452,1.0897128582000732
499,13069.53978920481,16831.113486453818,11465,1.0910487174987793
500,13069.53978920481,16831.113486453818,11478,1.092360019683838
501,13069.53978920481,16831.113486453818,11491,1.0937364101409912
502,13069.53978920481,16831.113486453818,11504,1.095083475112915
503,13069.53978920481,16831.113486453818,11517,1.0963690280914307
504,13069.53978920481,16831.113486453818,11531,1.0979013442993164
505,13069.53978920481,16831.113486453818,11545,1.0993082523345947
506,13069.53978920481,16831.113486453818,11559,1.1008334159851074
507,13069.53978920481,16831.113486453818,11572,1.1021358966827393
508,13069.53978920481,16831.113486453818,11585,1.1033821105957031
509,13069.53978920481,16831.113486453818,11694,1.11314058303833
510,13069.53978920481,16831.113486453818,11707,1.1147022247314453
511,13069.53978920481,16831.113486453818,11720,1.116081953048706
512,13069.53978920481,16831.113486453818,11733,1.1174614429473877
513,13069.53978920481,16831.113486453818,11746,1.1187338829040527
514,13069.53978920481,16831.113486453818,11758,1.1199429035186768
515,13069.53978920481,16831.113486453818,11771,1.1212754249572754
516,13069.53978920481,16831.113486453818,11784,1.1225459575653076
517,13069.53978920481,16831.113486453818,11797,1.1238408088684082
518,13069.53978920481,16831.113486453818,11811,1.1253511905670166
519,13069.53978920481,16831.113486453818,11825,1.1267824172973633
520,13069.53978920481,16831.113486453818,11934,1.1365325450897217
521,13069.53978920481,16831.113486453818,11946,1.1377475261688232
522,13069.53978920481,16831.113486453818,11958,1.1389973163604736
523,13069.53978920481,16831.113486453818,11970,1.140235424041748
524,13069.53978920481,16831.113486453818,11982,1.1414475440979004
525,13069.53978920481,16831.113486453818,11994,1.1426103115081787
526,13069.53978920481,16831.113486453818,12006,1.1438202857971191
527,13069.53978920481,16831.113486453818,12018,1.1450073719024658
528,13069.53978920481,16831.113486453818,12031,1.1463968753814697
529,13069.53978920481,16831.113486453818,12140,1.156214952468872
530,13069.53978920481,16831.113486453818,12152,1.1574110984802246
531,13069.53978920481,16831.113486453818,12164,1.1586675643920898
532,13069.53978920481,16831.113486453818,12176,1.1598761081695557
533,13069.53978920481,16831.113486453818,12188,1.161177396774292
534,13069.53978920481,16831.113486453818,12200,1.1624157428741455
535,13069.53978920481,16831.113486453818,12212,1.1636879444122314
536,13069.53978920481,16831.113486453818,12224,1.164860725402832
537,13069.53978920481,16831.113486453818,12236,1.16605544090271
538,13069.53978920481,16831.113486453818,12345,1.1758694648742676
539,13069.53978920481,16831.113486453818,12357,1.1772379875183105
540,13069.53978920481,16831.113486453818,12369,1.1783974170684814
541,13069.53978920481,16831.113486453818,12381,1.179579496383667
542,13069.53978920481,16831.113486453818,12393,1.1809396743774414
543,13069.53978920481,16831.113486453818,12405,1.1821541786193848
544,13069.53978920481,16831.113486453818,12417,1.1833117008209229
545,13069.53978920481,16831.113486453818,12429,1.1844539642333984
546,13069.53978920481,16831.113486453818,12441,1.185621976852417
547,13069.53978920481,16831.113486453818,12550,1.1953227519989014
548,13069.53978920481,16831.113486453818,12562,1.196619987487793
549,13069.53978920481,16831.113486453818,12574,1.1978428363800049
550,13069.53978920481,16831.113486453818,12586,1.199028730392456
551,13069.53978920481,16831.113486453818,12598,1.2002365589141846
552,13069.53978920481,16831.113486453818,12610,1.2014057636260986
553,13069.53978920481,16831.113486453818,12622,1.2028188705444336
554,13069.53978920481,16831.113486453818,12634,1.204101800918579
555,13069.53978920481,16831.113486453818,12646,1.2053179740905762
556,13069.53978920481,16831.113486453818,12755,1.215108871459961
557,13069.53978920481,16831.113486453818,12767,1.216303825378418
558,13069.53978920481,16831.113486453818,12779,1.2174618244171143
559,13069.53978920481,16831.113486453818,12791,1.218703269958496
560,13069.53978920481,16831.113486453818,12803,1.2200469970703125
561,13069.53978920481,16831.113486453818,12815,1.2212646007537842
562,13069.53978920481,16831.113486453818,12827,1.2224149703979492
563,13069.53978920481,16831.113486453818,12839,1.223621129989624
564,13069.53978920481,16831.113486453818,12851,1.2248084545135498
565,13069.53978920481,16831.113486453818,12960,1.2344770431518555
566,13069.53978920481,16831.113486453818,12972,1.235691785812378
567,13069.53978920481,16831.113486453818,12984,1.236858606338501
568,13069.53978920481,16831.113486453818,12996,1.2380025386810303
569,13069.53978920481,16831.113486453818,13008,1.2392113208770752
570,13069.53978920481,16831.113486453818,13020,1.2404446601867676
571,13069.53978920481,16831.113486453818,13032,1.2416832447052002
572,13069.53978920481,16831.113486453818,13044,1.242931842803955
573,13069.53978920481,16831.113486453818,13056,1.2441480159759521
574,13069.53978920481,16831.113486453818,13165,1.2543244361877441
575,13069.53978920481,16831.113486453818,13177,1.2555527687072754
576,13069.53978920481,16831.113486453818,13189,1.2567651271820068
577,13069.53978920481,16831.113486453818,13201,1.2579407691955566
578,13069.53978920481,16831.113486453818,13213,1.2592105865478516
579,13069.53978920481,16831.113486453818,13225,1.2605228424072266
580,13069.53978920481,16831.113486453818,13237,1.2618041038513184
581,13069.53978920481,16831.113486453818,13249,1.2630298137664795
582,13069.53978920481,16831.113486453818,13261,1.264293909072876
583,13069.53978920481,16826.592818103938,13372,1.2741384506225586
584,13069.53978920481,16820.76891372366,13385,1.2754604816436768
585,13069.53978920481,16820.76891372366,13398,1.2767086029052734
586,13069.53978920481,16812.494879288024,13411,1.2782714366912842
587,13069.53978920481,16812.494879288024,13424,1.2796845436096191
588,13069.53978920481,16812.494879288024,13437,1.2810356616973877
589,13069.53978920481,16812.494879288024,13450,1.2823498249053955
590,13069.53978920481,16812.494879288024,13463,1.2836899757385254
591,13069.53978920481,16812.494879288024,13476,1.28501558303833
592,13069.53978920481,16812.494879288024,13489,1.2862963676452637
593,13069.53978920481,16812.494879288024,13502,1.28763747215271
594,13069.53978920481,16812.494879288024,13610,1.297187328338623
595,13069.53978920481,16812.494879288024,13623,1.298548698425293
596,13069.53978920481,16812.494879288024,13636,1.2999153137207031
597,13069.53978920481,16812.494879288024,13649,1.3012254238128662
598,13069.53978920481,16812.494879288024,13661,1.302459716796875
599,13069.53978920481,16812.494879288024,13674,1.303814172744751
600,13069.53978920481,16810.327274789695,13687,1.3050286769866943
601,13069.53978920481,16810.327274789695,13700,1.3063440322875977
602,13069.53978920481,16810.327274789695,13713,1.3077116012573242
603,13069.53978920481,16810.327274789695,13726,1.3090386390686035
604,13069.53978920481,16803.076476514045,13834,1.3187530040740967
605,13069.53978920481,16801.95052894596,13847,1.320047378540039
606,13069.53978920481,16794.36026419662,13861,1.321411371231079
607,13069.53978920481,16790.669089736457,13875,1.3229167461395264
608,13069.53978920481,16790.669089736457,13889,1.3244431018829346
609,13069.53978920481,16790.669089736457,13903,1.325885534286499
610,13069.53978920481,16790.669089736457,13917,1.3272743225097656
611,13069.53978920481,16785.031468883393,13931,1.3287432193756104
612,13069.53978920481,16773.169376211627,13945,1.3301756381988525
613,13069.53978920481,16773.169376211627,13959,1.331603765487671
614,13069.53978920481,16773.169376211627,13973,1.3329999446868896
615,13069.53978920481,16772.107987380736,13986,1.3342499732971191
616,13069.53978920481,16772.107987380736,14000,1.335691213607788
617,13069.53978920481,16772.107987380736,14108,1.345287561416626
618,13069.53978920481,16772.107987380736,14122,1.3467631340026855
619,13069.53978920481,16772.107987380736,14136,1.348299503326416
620,13069.53978920481,16772.107987380736,14150,1.3499603271484375
621,13069.53978920481,16772.107987380736,14164,1.3514444828033447
622,13069.53978920481,16772.107987380736,14178,1.3529326915740967
623,13069.53978920481,16772.107987380736,14192,1.3543179035186768
624,13069.53978920481,16772.107987380736,14205,1.3556208610534668
625,13069.53978920481,16772.107987380736,14219,1.357116937637329
626,13069.53978920481,16772.107987380736,14233,1.3585212230682373
627,13069.53978920481,16767.660332778574,14247,1.3599350452423096
628,13069.53978920481,16767.660332778574,14261,1.361431360244751
629,13069.53978920481,16767.660332778574,14372,1.3711786270141602
630,13069.53978920481,16761.45604868552,14386,1.372835636138916
631,13069.53978920481,16761.45604868552,14400,1.3748507499694824
632,13069.53978920481,16761.45604868552,14414,1.376340389251709
633,13069.53978920481,16761.45604868552,14428,1.3779118061065674
634,13069.53978920481,16761.45604868552,14441,1.3792593479156494
635,13069.53978920481,16761.45604868552,14455,1.3806393146514893
636,13069.53978920481,16761.45604868552,14468,1.3820264339447021
637,13069.53978920481,16761.45604868552,14482,1.3834724426269531
638,13069.53978920481,16761.45604868552,14496,1.385127305984497
639,13069.53978920481,16761.45604868552,14510,1.3865423202514648
640,13069.53978920481,16761.45604868552,14524,1.3879451751708984
641,13069.53978920481,16761.45604868552,14538,1.3894290924072266
642,13069.53978920481,16761.45604868552,14649,1.3990793228149414
643,13069.53978920481,16761.45604868552,14662,1.4004197120666504
644,13069.53978920481,16758.770742016142,14675,1.401639699935913
645,13069.53978920481,16747.850954588383,14688,1.4030489921569824
646,13069.53978920481,16747.850954588383,14702,1.4045088291168213
647,13069.53978920481,16747.850954588383,14716,1.4059817790985107
648,13069.53978920481,16747.850954588383,14730,1.4073905944824219
649,13069.53978920481,16747.850954588383,14744,1.4088232517242432
650,13069.53978920481,16747.850954588383,14758,1.41025710105896
651,13069.53978920481,16747.850954588383,14772,1.411581039428711
652,13069.53978920481,16747.850954588383,14786,1.413081169128418
653,13069.53978920481,16747.850954588383,14800,1.414520263671875
654,13069.53978920481,16745.801235871288,14912,1.4241013526916504
655,13069.53978920481,16737.73196874058,14924,1.4252939224243164
656,13069.53978920481,16737.73196874058,14937,1.4266455173492432
657,13069.53978920481,16737.73196874058,14950,1.427968978881836
658,13069.53978920481,16737.73196874058,14962,1.4291834831237793
659,13069.53978920481,16737.73196874058,14975,1.4305179119110107
660,13069.53978920481,16737.73196874058,14987,1.4317042827606201
661,13069.53978920481,16737.73196874058,15000,1.432995319366455
662,13069.53978920481,16737.73196874058,15013,1.4343147277832031
663,13069.53978920481,16737.73196874058,15027,1.4358506202697754
664,13069.53978920481,16737.73196874058,15140,1.4454843997955322
665,13069.53978920481,16732.063315546115,15153,1.4468910694122314
666,13069.53978920481,16732.063315546115,15166,1.4483082294464111
667,13069.53978920481,16727.429739124287,15179,1.4496240615844727
668,13069.53978920481,16727.429739124287,15192,1.450932264328003
669,13069.53978920481,16727.429739124287,15205,1.4522526264190674
670,13069.53978920481,16727.429739124287,15218,1.4535784721374512
671,13069.53978920481,16727.429739124287,15231,1.4548261165618896
672,13069.53978920481,16726.80418647192,15244,1.4561820030212402
673,13069.53978920481,16726.80418647192,15257,1.4575190544128418
674,13069.53978920481,16718.177121102843,15271,1.4589171409606934
675,13069.53978920481,16718.177121102843,15385,1.4693958759307861
676,13069.53978920481,16718.177121102843,15398,1.4708330631256104
677,13069.53978920481,16717.543785219415,15411,1.4721002578735352
678,13069.53978920481,16717.543785219415,15423,1.4732651710510254
679,13069.53978920481,16717.543785219415,15436,1.4746513366699219
680,13069.53978920481,16717.543785219415,15449,1.4759368896484375
681,13069.53978920481,16717.543785219415,15462,1.4773280620574951
682,13069.53978920481,16717.543785219415,15475,1.4786555767059326
683,13069.53978920481,16712.928457505426,15488,1.4799890518188477
684,13069.53978920481,16712.928457505426,15501,1.481248140335083
685,13069.53978920481,16712.928457505426,15515,1.4826664924621582
686,13069.53978920481,16712.928457505426,15629,1.4925427436828613
687,13069.53978920481,16712.928457505426,15642,1.493833065032959
688,13069.53978920481,16712.928457505426,15655,1.4951510429382324
689,13069.53978920481,16712.692883351447,15668,1.496717929840088
690,13069.53978920481,16712.692883351447,15681,1.4980404376983643
691,13069.53978920481,16712.692883351447,15694,1.4993844032287598
692,13069.53978920481,16712.692883351447,15707,1.500744342803955
693,13069.53978920481,16712.692883351447,15720,1.5021865367889404
694,13069.53978920481,16712.692883351447,15733,1.5035333633422852
695,13069.53978920481,16712.692883351447,15746,1.5048141479492188
696,13069.53978920481,16712.692883351447,15860,1.5147943496704102
697,13069.53978920481,16712.692883351447,15873,1.5160667896270752
698,13069.53978920481,16712.692883351447,15886,1.5173590183258057
699,13069.53978920481,16712.692883351447,15899,1.518709659576416
700,13069.53978920481,16712.692883351447,15912,1.5201537609100342
701,13069.53978920481,16712.692883351447,15925,1.521427869796753
702,13069.53978920481,16712.692883351447,15937,1.522655963897705
703,13069.53978920481,16712.692883351447,15950,1.523930311203003
704,13069.53978920481,16712.692883351447,15963,1.5252752304077148
705,13069.53978920481,16712.692883351447,15976,1.526597261428833
706,13069.53978920481,16712.692883351447,15989,1.5279443264007568
707,13069.53978920481,16712.692883351447,16103,1.5382301807403564
708,13069.53978920481,16712.692883351447,16116,1.5395801067352295
709,13069.53978920481,16712.692883351447,16129,1.5408878326416016
710,13069.53978920481,16712.692883351447,16141,1.5420582294464111
711,13069.53978920481,16712.692883351447,16154,1.5434043407440186
712,13069.53978920481,16712.692883351447,16166,1.5446341037750244
713,13069.53978920481,16712.692883351447,16179,1.545931339263916
714,13069.53978920481,16712.692883351447,16192,1.5472869873046875
715,13069.53978920481,16712.692883351447,16205,1.5485882759094238
716,13069.53978920481,16712.692883351447,16218,1.5498898029327393
717,13069.53978920481,16712.692883351447,16332,1.5597279071807861
718,13069.53978920481,16712.692883351447,16344,1.560959815979004
719,13069.53978920481,16712.692883351447,16356,1.5622448921203613
720,13069.53978920481,16712.692883351447,16368,1.5634362697601318
721,13069.53978920481,16712.692883351447,16380,1.5646886825561523
722,13069.53978920481,16712.692883351447,16392,1.5659668445587158
723,13069.53978920481,16712.692883351447,16404,1.5672261714935303
724,13069.53978920481,16712.692883351447,16416,1.568514108657837
725,13069.53978920481,16712.692883351447,16429,1.5698018074035645
726,13069.53978920481,16712.692883351447,16543,1.57957124710083
727,13069.53978920481,16712.692883351447,16555,1.5807702541351318
728,13069.53978920481,16712.692883351447,16567,1.581960916519165
729,13069.53978920481,16712.692883351447,16579,1.5833485126495361
730,13069.53978920481,16712.692883351447,16591,1.5846281051635742
731,13069.53978920481,16712.692883351447,16603,1.5859010219573975
732,13069.53978920481,16712.692883351447,16615,1.5871202945709229
733,13069.53978920481,16712.692883351447,16627,1.58829665184021
734,13069.53978920481,16712.692883351447,16639,1.5895087718963623
735,13069.53978920481,16712.692883351447,16753,1.5999338626861572
736,13069.53978920481,16712.692883351447,16765,1.6011927127838135
737,13069.53978920481,16712.692883351447,16777,1.6023774147033691
738,13069.53978920481,16712.692883351447,16789,1.603513479232788
739,13069.53978920481,16712.692883351447,16801,1.60471773147583
740,13069.53978920481,16712.692883351447,16813,1.6058862209320068
741,13069.53978920481,16712.692883351447,16825,1.6070570945739746
742,13069.53978920481,16712.692883351447,16837,1.6082487106323242
743,13069.53978920481,16712.692883351447,16849,1.6094257831573486
744,13069.53978920481,16712.692883351447,16963,1.6195964813232422
745,13069.53978920481,16712.692883351447,16975,1.6208209991455078
746,13069.53978920481,16712.692883351447,16987,1.622112512588501
747,13069.53978920481,16712.692883351447,16999,1.6236956119537354
748,13069.53978920481,16712.692883351447,17011,1.6249635219573975
749,13069.53978920481,16712.692883351447,17023,1.6261303424835205
750,13069.53978920481,16712.692883351447,17035,1.627378225326538
751,13069.53978920481,16712.692883351447,17047,1.6286370754241943
752,13069.53978920481,16712.692883351447,17059,1.6298093795776367
753,13069.53978920481,16712.692883351447,17174,1.6402087211608887
754,13069.53978920481,16712.692883351447,17186,1.6414010524749756
755,13069.53978920481,16712.692883351447,17198,1.6425673961639404
756,13069.53978920481,16712.692883351447,17210,1.6437580585479736
757,13069.53978920481,16712.692883351447,17222,1.6451468467712402
758,13069.53978920481,16712.692883351447,17234,1.6463730335235596
759,13069.53978920481,16712.692883351447,17246,1.6477208137512207
760,13069.53978920481,16712.692883351447,17258,1.648942232131958
761,13069.53978920481,16712.692883351447,17270,1.650223970413208
762,13069.53978920481,16712.692883351447,17385,1.6602153778076172
763,13069.53978920481,16712.692883351447,17397,1.661447286605835
764,13069.53978920481,16712.692883351447,17409,1.6626644134521484
765,13069.53978920481,16712.692883351447,17421,1.6639318466186523
766,13069.53978920481,16712.692883351447,17433,1.6652452945709229
767,13069.53978920481,16712.692883351447,17445,1.666405200958252
768,13069.53978920481,16712.692883351447,17457,1.667597770690918
769,13069.53978920481,16712.692883351447,17469,1.66884183883667
770,13069.53978920481,16712.692883351447,17481,1.670001745223999
771,13069.53978920481,16712.692883351447,17596,1.6798620223999023
772,13069.53978920481,16712.692883351447,17608,1.6811680793762207
773,13069.53978920481,16712.692883351447,17620,1.6824655532836914
774,13069.53978920481,16712.692883351447,17632,1.6837661266326904
775,13069.53978920481,16712.692883351447,17644,1.684995412826538
776,13069.53978920481,16712.692883351447,17656,1.6863336563110352
777,13069.53978920481,16712.692883351447,17668,1.6875293254852295
778,13069.53978920481,16712.692883351447,17680,1.6886849403381348
779,13069.53978920481,16712.692883351447,17692,1.6899113655090332
780,13069.53978920481,16712.692883351447,17807,1.6998674869537354
781,13069.53978920481,16712.692883351447,17819,1.7011544704437256
782,13069.53978920481,16712.692883351447,17831,1.7024900913238525
783,13069.53978920481,16712.692883351447,17843,1.703718662261963
784,13069.53978920481,16712.692883351447,17855,1.7049410343170166
785,13069.53978920481,16712.692883351447,17867,1.7061641216278076
786,13069.53978920481,16712.692883351447,17879,1.7073774337768555
787,13069.53978920481,16712.692883351447,17891,1.7086765766143799
788,13069.53978920481,16712.692883351447,17903,1.7099642753601074
789,13069.53978920481,16712.692883351447,18018,1.720017910003662
790,13069.53978920481,16712.692883351447,18030,1.7212669849395752
791,13069.53978920481,16712.692883351447,18042,1.7225916385650635
792,13069.53978920481,16712.692883351447,18054,1.7238118648529053
793,13069.53978920481,16712.692883351447,18066,1.7250127792358398
794,13069.53978920481,16712.692883351447,18078,1.7262318134307861
795,13069.53978920481,16712.692883351447,18090,1.7273931503295898
796,13069.53978920481,16712.692883351447,18102,1.7286436557769775
797,13069.53978920481,16712.692883351447,18114,1.729860544204712
798,13069.53978920481,16712.692883351447,18218,1.7394170761108398
799,13069.53978920481,16712.692883351447,18230,1.7406227588653564
800,13069.53978920481,16712.692883351447,18242,1.7418363094329834
801,13069.53978920481,16712.692883351447,18254,1.7430860996246338
802,13069.53978920481,16712.692883351447,18266,1.744340181350708
803,13069.53978920481,16712.692883351447,18278,1.7454578876495361
804,13069.53978920481,16712.692883351447,18290,1.7468481063842773
805,13069.53978920481,16712.692883351447,18302,1.748124122619629
806,13069.53978920481,16712.692883351447,18314,1.7492821216583252
807,13069.53978920481,16712.692883351447,18418,1.7587995529174805
808,13069.53978920481,16712.692883351447,18430,1.7599518299102783
809,13069.53978920481,16712.692883351447,18442,1.7611165046691895
810,13069.53978920481,16712.692883351447,18454,1.7623350620269775
811,13069.53978920481,16712.692883351447,18466,1.7635843753814697
812,13069.53978920481,16712.692883351447,18478,1.7647366523742676
813,13069.53978920481,16712.692883351447,18490,1.7661373615264893
814,13069.53978920481,16712.692883351447,18502,1.7673311233520508
815,13069.53978920481,16712.692883351447,18514,1.7684948444366455
816,13069.53978920481,16712.692883351447,18618,1.7781109809875488
817,13069.53978920481,16712.692883351447,18630,1.7793645858764648
818,13069.53978920481,16712.692883351447,18642,1.7805910110473633
819,13069.53978920481,16712.692883351447,18654,1.7816965579986572
820,13069.53978920481,16712.692883351447,18666,1.7829620838165283
821,13069.53978920481,16712.692883351447,18678,1.784193992614746
822,13069.53978920481,16712.692883351447,18690,1.7853784561157227
823,13069.53978920481,16712.692883351447,18702,1.7865383625030518
824,13069.53978920481,16712.692883351447,18714,1.7877020835876465
825,13069.53978920481,16712.692883351447,18818,1.7971930503845215
826,13069.53978920481,16712.692883351447,18830,1.7983508110046387
827,13069.53978920481,16712.692883351447,18842,1.7996351718902588
828,13069.53978920481,16712.692883351447,18854,1.800938367843628
829,13069.53978920481,16712.692883351447,18866,1.8020915985107422
830,13069.53978920481,16712.692883351447,18878,1.8032946586608887
831,13069.53978920481,16712.692883351447,18890,1.8044874668121338
832,13069.53978920481,16712.692883351447,18902,1.8056836128234863
833,13069.53978920481,16712.692883351447,18914,1.8069062232971191
834,13069.53978920481,16712.692883351447,19018,1.8162915706634521
835,13069.53978920481,16712.692883351447,19030,1.8174259662628174
836,13069.53978920481,16712.692883351447,19042,1.8186068534851074
837,13069.53978920481,16712.692883351447,19054,1.8198425769805908
838,13069.53978920481,16712.692883351447,19066,1.8210339546203613
839,13069.53978920481,16712.692883351447,19078,1.8222520351409912
840,13069.53978920481,16712.692883351447,19090,1.8235929012298584
841,13069.53978920481,16712.692883351447,19102,1.8247575759887695
842,13069.53978920481,16712.692883351447,19114,1.8259036540985107
843,13069.53978920481,16699.23692443803,19218,1.83552885055542
844,13069.53978920481,16699.23692443803,19231,1.836909294128418
845,13069.53978920481,16699.23692443803,19244,1.8382761478424072
846,13069.53978920481,16699.23692443803,19257,1.8396186828613281
847,13069.53978920481,16697.732371042104,19270,1.8409490585327148
848,13069.53978920481,16697.67508719804,19283,1.8422844409942627
849,13069.53978920481,16697.67508719804,19296,1.8435251712799072
850,13069.53978920481,16694.193414625817,19309,1.8449785709381104
851,13069.53978920481,16694.193414625817,19321,1.8461499214172363
852,13069.53978920481,16694.193414625817,19334,1.8474493026733398
853,13069.53978920481,16694.193414625817,19346,1.848667860031128
854,13069.53978920481,16694.193414625817,19450,1.8582253456115723
855,13069.53978920481,16694.193414625817,19463,1.859694242477417
856,13069.53978920481,16694.193414625817,19476,1.861037254333496
857,13069.53978920481,16694.193414625817,19489,1.8624560832977295
858,13069.53978920481,16691.715604243956,19502,1.8638086318969727
859,13069.53978920481,16691.715604243956,19515,1.8651058673858643
860,13069.53978920481,16691.715604243956,19528,1.866541862487793
861,13069.53978920481,16691.715604243956,19541,1.8680269718170166
862,13069.53978920481,16691.715604243956,19554,1.8693408966064453
863,13069.53978920481,16691.715604243956,19567,1.8707342147827148
864,13069.53978920481,16691.715604243956,19669,1.8799598217010498
865,13069.53978920481,16691.715604243956,19682,1.8812997341156006
866,13069.53978920481,16691.715604243956,19694,1.8826773166656494
867,13069.53978920481,16691.715604243956,19707,1.8841462135314941
868,13069.53978920481,16691.715604243956,19720,1.885469675064087
869,13069.53978920481,16689.036408997283,19733,1.886828899383545
870,13069.53978920481,16689.036408997283,19746,1.888183832168579
871,13069.53978920481,16689.036408997283,19759,1.8895246982574463
872,13069.53978920481,16689.036408997283,19772,1.8908381462097168
873,13069.53978920481,16689.036408997283,19784,1.892030954360962
874,13069.53978920481,16689.036408997283,19886,1.9015944004058838
875,13069.53978920481,16688.187100320658,19898,1.9028527736663818
876,13069.53978920481,16688.187100320658,19911,1.9041860103607178
877,13069.53978920481,16688.187100320658,19924,1.9054582118988037
878,13069.53978920481,16688.187100320658,19937,1.906724452972412
879,13069.53978920481,16688.187100320658,19950,1.907979965209961
880,13069.53978920481,16688.187100320658,19963,1.9093866348266602
881,13069.53978920481,16688.187100320658,19976,1.9106783866882324
882,13069.53978920481,16688.187100320658,19989,1.9119880199432373
883,13069.53978920481,16688.187100320658,20002,1.9133329391479492
884,13069.53978920481,16683.16917357814,20015,1.9146435260772705
885,13069.53978920481,16683.16917357814,20118,1.924013614654541
886,13069.53978920481,16683.16917357814,20131,1.9253292083740234
887,13069.53978920481,16683.16917357814,20144,1.9266488552093506
888,13069.53978920481,16681.950654806144,20157,1.9279932975769043
889,13069.53978920481,16681.950654806144,20170,1.9293172359466553
890,13069.53978920481,16681.950654806144,20183,1.9307007789611816
891,13069.53978920481,16681.950654806144,20195,1.931809902191162
892,13069.53978920481,16681.950654806144,20208,1.9331355094909668
893,13069.53978920481,16681.950654806144,20220,1.9342548847198486
894,13069.53978920481,16681.950654806144,20233,1.9355158805847168
895,13069.53978920481,16681.950654806144,20337,1.945098638534546
896,13069.53978920481,16681.950654806144,20350,1.9464044570922852
897,13069.53978920481,16681.950654806144,20362,1.9476237297058105
898,13069.53978920481,16680.184124350526,20374,1.9487762451171875
899,13069.53978920481,16680.184124350526,20387,1.9501590728759766
900,13069.53978920481,16680.184124350526,20400,1.951448917388916
901,13069.53978920481,16680.184124350526,20413,1.952928066253662
902,13069.53978920481,16680.184124350526,20426,1.9542484283447266
903,13069.53978920481,16677.111266006123,20438,1.955378532409668
904,13069.53978920481,16677.111266006123,20450,1.9566006660461426
905,13069.53978920481,16677.111266006123,20554,1.9659323692321777
906,13069.53978920481,16677.111266006123,20567,1.9673025608062744
907,13069.53978920481,16677.111266006123,20580,1.968796968460083
908,13069.53978920481,16677.111266006123,20593,1.9701838493347168
909,13069.53978920481,16677.111266006123,20606,1.9715557098388672
910,13069.53978920481,16677.111266006123,20619,1.972886562347412
911,13069.53978920481,16677.111266006123,20632,1.9742116928100586
912,13069.53978920481,16674.707359734988,20644,1.9755170345306396
913,13069.53978920481,16674.707359734988,20657,1.9768424034118652
914,13069.53978920481,16665.308008153643,20669,1.9780616760253906
915,13069.53978920481,16665.308008153643,20774,1.9873945713043213
916,13069.53978920481,16665.308008153643,20787,1.9887046813964844
917,13069.53978920481,16665.308008153643,20800,1.9900093078613281
918,13069.53978920481,16665.308008153643,20813,1.991283655166626
919,13069.53978920481,16665.308008153643,20825,1.9925529956817627
920,13069.53978920481,16665.308008153643,20838,1.9938559532165527
921,13069.53978920481,16665.308008153643,20851,1.9951674938201904
922,13069.53978920481,16665.308008153643,20864,1.9964830875396729
923,13069.53978920481,16665.308008153643,20877,1.9979071617126465
924,13069.53978920481,16661.84986065649,20890,1.9992806911468506
925,13069.53978920481,16661.84986065649,20996,2.0090627670288086
926,13069.53978920481,16661.84986065649,21009,2.0104362964630127
927,13069.53978920481,16661.84986065649,21022,2.0116803646087646
928,13069.53978920481,16661.84986065649,21035,2.0130300521850586
929,13069.53978920481,16661.84986065649,21048,2.0144736766815186
930,13069.53978920481,16661.84986065649,21061,2.0157663822174072
931,13069.53978920481,16661.84986065649,21074,2.017113447189331
932,13069.53978920481,16660.249389306508,21087,2.0183322429656982
933,13069.53978920481,16660.249389306508,21100,2.0197083950042725
934,13069.53978920481,16660.249389306508,21113,2.020975351333618
935,13069.53978920481,16660.249389306508,21126,2.0223495960235596
936,13069.53978920481,16660.249389306508,21232,2.031879425048828
937,13069.53978920481,16660.249389306508,21245,2.0331759452819824
938,13069.53978920481,16660.249389306508,21258,2.0344624519348145
939,13069.53978920481,16660.249389306508,21271,2.035794734954834
940,13069.53978920481,16660.249389306508,21284,2.0371253490448
941,13069.53978920481,16660.249389306508,21297,2.03847336769104
942,13069.53978920481,16660.249389306508,21309,2.0396666526794434
943,13069.53978920481,16660.249389306508,21322,2.0409836769104004
944,13069.53978920481,16660.249389306508,21335,2.0423269271850586
945,13069.53978920481,16660.249389306508,21348,2.043652296066284
946,13069.53978920481,16660.249389306508,21454,2.0531351566314697
947,13069.53978920481,16660.249389306508,21466,2.054321050643921
948,13069.53978920481,16660.249389306508,21478,2.0555408000946045
949,13069.53978920481,16660.249389306508,21490,2.0567407608032227
950,13069.53978920481,16660.249389306508,21503,2.0580427646636963
951,13069.53978920481,16660.249389306508,21516,2.0594675540924072
952,13069.53978920481,16649.951674324275,21529,2.0607714653015137
953,13069.53978920481,16649.951674324275,21542,2.062032461166382
954,13069.53978920481,16649.951674324275,21555,2.063307046890259
955,13069.53978920481,16649.951674324275,21568,2.0646400451660156
956,13069.53978920481,16649.951674324275,21677,2.07427716255188
957,13069.53978920481,16649.951674324275,21689,2.0754995346069336
958,13069.53978920481,16649.951674324275,21701,2.0766661167144775
959,13069.53978920481,16649.951674324275,21713,2.0778110027313232
960,13069.53978920481,16649.951674324275,21725,2.0790061950683594
961,13069.53978920481,16649.951674324275,21737,2.0802390575408936
962,13069.53978920481,16649.951674324275,21749,2.081411600112915
963,13069.53978920481,16649.951674324275,21761,2.0825207233428955
964,13069.53978920481,16649.951674324275,21774,2.0838584899902344
965,13069.53978920481,16649.951674324275,21881,2.093798875808716
966,13069.53978920481,16649.951674324275,21893,2.094991445541382
967,13069.53978920481,16649.951674324275,21905,2.0961644649505615
968,13069.53978920481,16649.951674324275,21917,2.0973434448242188
969,13069.53978920481,16649.951674324275,21929,2.098759651184082
970,13069.53978920481,16649.951674324275,21941,2.0999295711517334
971,13069.53978920481,16649.951674324275,21953,2.1010923385620117
972,13069.53978920481,16649.951674324275,21965,2.102421998977661
973,13069.53978920481,16649.951674324275,21977,2.1036593914031982
974,13069.53978920481,16649.951674324275,22084,2.113321542739868
975,13069.53978920481,16649.951674324275,22096,2.1147196292877197
976,13069.53978920481,16649.951674324275,22108,2.1159331798553467
977,13069.53978920481,16649.951674324275,22120,2.117192506790161
978,13069.53978920481,16649.951674324275,22132,2.118412494659424
979,13069.53978920481,16649.951674324275,22144,2.1196303367614746
980,13069.53978920481,16649.951674324275,22156,2.1208808422088623
981,13069.53978920481,16649.951674324275,22168,2.122148036956787
982,13069.53978920481,16649.951674324275,22180,2.1235358715057373
983,13069.53978920481,16649.951674324275,22288,2.133180618286133
984,13069.53978920481,16649.951674324275,22300,2.1343495845794678
985,13069.53978920481,16649.951674324275,22312,2.135507106781006
986,13069.53978920481,16649.951674324275,22324,2.1368002891540527
987,13069.53978920481,16649.951674324275,22336,2.1380398273468018
988,13069.53978920481,16649.951674324275,22348,2.139251708984375
989,13069.53978920481,16649.951674324275,22360,2.140597343444824
990,13069.53978920481,16649.951674324275,22372,2.142043352127075
991,13069.53978920481,16649.951674324275,22384,2.1432015895843506
992,13069.53978920481,16649.951674324275,22492,2.1529884338378906
993,13069.53978920481,16649.951674324275,22504,2.1541836261749268
994,13069.53978920481,16649.951674324275,22516,2.155388832092285
995,13069.53978920481,16649.951674324275,22528,2.1565916538238525
996,13069.53978920481,16649.951674324275,22540,2.1578526496887207
997,13069.53978920481,16649.951674324275,22552,2.159050703048706
998,13069.53978920481,16649.951674324275,22564,2.16044282913208
999,13069.53978920481,16649.951674324275,22576,2.161625385284424
1000,13069.53978920481,16649.951674324275,22588,2.1628854274749756
