gen,best_fitness,mean_fitness,evals,time_sec
0,37067.97881822196,42183.73524724145,60,0.0008091926574707031
1,35368.66321903268,39378.723590909765,240,0.02983713150024414
2,35135.701652080614,38805.78871886912,420,0.05808067321777344
3,35135.701652080614,38584.272248531925,600,0.08687472343444824
4,35135.701652080614,38151.13865783328,780,0.1144864559173584
5,34988.58841431415,37847.17879868013,960,0.14194488525390625
6,34988.58841431415,37766.27440600722,1140,0.16985177993774414
7,33040.815134822864,37606.804253638875,1320,0.1977219581604004
8,33040.815134822864,37503.10630110326,1500,0.2261512279510498
9,33040.815134822864,37319.08056253023,1680,0.2545747756958008
10,33040.815134822864,37092.82074546526,1860,0.28234267234802246
11,32337.666606476458,36963.85283189963,2040,0.31079530715942383
12,32337.666606476458,36832.005556211574,2220,0.33988213539123535
13,32337.666606476458,36705.66387497431,2400,0.3686659336090088
14,32337.666606476458,36565.13703819872,2580,0.3982977867126465
15,32337.666606476458,36458.23927965107,2760,0.42900729179382324
16,32337.666606476458,36278.34089990665,2940,0.4573965072631836
17,32337.666606476458,36211.362120574806,3120,0.4853665828704834
18,32337.666606476458,36100.96999315679,3300,0.5134983062744141
19,32337.666606476458,36033.73547087359,3477,0.5415599346160889
20,32337.666606476458,35781.80608666049,3654,0.5700223445892334
21,31715.609734866055,35585.17898132495,3831,0.5981805324554443
22,30768.12955425598,35367.94059967015,4008,0.626021146774292
23,30768.12955425598,35346.398152468515,4185,0.6540484428405762
24,30768.12955425598,35261.794840884206,4362,0.6820385456085205
25,30768.12955425598,35126.53386171435,4539,0.7117371559143066
26,30768.12955425598,35043.39112476108,4716,0.7401173114776611
27,30768.12955425598,34852.38542076223,4893,0.7687337398529053
28,30768.12955425598,34747.49253904446,5070,0.7989037036895752
29,30768.12955425598,34747.49253904446,5247,0.8277378082275391
30,30768.12955425598,34676.72385454613,5424,0.8561100959777832
31,30768.12955425598,34556.702942219665,5601,0.8849170207977295
32,30768.12955425598,34556.702942219665,5778,0.9138369560241699
33,30768.12955425598,34382.49172693133,5955,0.9431986808776855
34,30768.12955425598,34330.49207598927,6132,0.9725549221038818
35,30768.12955425598,34271.067018221205,6309,1.001194953918457
36,30768.12955425598,34271.067018221205,6486,1.0315008163452148
37,30313.69919600728,34058.87237357279,6663,1.0602433681488037
38,30285.7682380255,34006.65302548294,6840,1.0893607139587402
39,30285.7682380255,33977.34354267764,7017,1.1183595657348633
40,30285.7682380255,33964.09646701663,7194,1.1474318504333496
41,30285.7682380255,33964.09646701663,7371,1.175797939300537
42,30285.7682380255,33931.671065479735,7548,1.204563856124878
43,29696.355809211713,33740.203605557326,7725,1.2328357696533203
44,29696.355809211713,33725.096178040236,7902,1.2615180015563965
45,29696.355809211713,33512.488597982774,8079,1.2905399799346924
46,27530.997540030905,33321.149648452316,8256,1.3191981315612793
47,27530.997540030905,33172.45294959879,8433,1.3482482433319092
48,27530.997540030905,33154.47117506174,8610,1.3775887489318848
49,27530.997540030905,33096.07113646962,8787,1.4064240455627441
50,27530.997540030905,32952.74563137174,8964,1.4359779357910156
51,27530.997540030905,32948.91603060562,9141,1.4655177593231201
52,27530.997540030905,32868.36954484827,9318,1.4946825504302979
53,27530.997540030905,32768.48119508935,9495,1.5236666202545166
54,25819.576797635433,32553.78906919562,9669,1.552363395690918
55,25819.576797635433,32362.03370472539,9843,1.5803263187408447
56,25819.576797635433,32091.93028257822,10017,1.6088261604309082
57,25819.576797635433,31988.644907372134,10191,1.6372525691986084
58,25819.576797635433,31770.19167264567,10365,1.6662683486938477
59,25819.576797635433,31729.710907731907,10539,1.6948838233947754
60,24546.967255844706,31545.545375318397,10713,1.723900318145752
61,24546.967255844706,31506.512359563345,10887,1.7534115314483643
62,24546.967255844706,31369.689609656132,11061,1.7818832397460938
63,24546.967255844706,31298.75006894331,11235,1.8110277652740479
64,24546.967255844706,31298.75006894331,11409,1.840301752090454
65,24546.967255844706,31164.361807353438,11583,1.8689944744110107
66,24546.967255844706,31153.008648658775,11757,1.898179054260254
67,24546.967255844706,31144.22116515749,11931,1.9278523921966553
68,24546.967255844706,30952.132176882697,12105,1.9578421115875244
69,24546.967255844706,30941.978507916607,12279,1.9871385097503662
70,24546.967255844706,30915.79619524059,12453,2.016657829284668
71,24546.967255844706,30915.79619524059,12627,2.046356439590454
72,24546.967255844706,30884.76447822772,12801,2.0758848190307617
73,24546.967255844706,30884.76447822772,12975,2.1044819355010986
74,24546.967255844706,30851.19750507361,13149,2.1339516639709473
75,24546.967255844706,30737.85385933526,13323,2.162569761276245
76,24546.967255844706,30689.489601078487,13497,2.1920645236968994
77,24546.967255844706,30651.214963563958,13671,2.2206006050109863
78,24546.967255844706,30635.05512819002,13845,2.250197410583496
79,24546.967255844706,30568.81067244965,14019,2.2793946266174316
80,24546.967255844706,30524.959659974917,14193,2.3083536624908447
81,24546.967255844706,30458.540125902604,14367,2.33744215965271
82,24546.967255844706,30457.869612524024,14541,2.366885185241699
83,24546.967255844706,30440.42908599733,14715,2.3962583541870117
84,24546.967255844706,30436.090833074228,14889,2.4249532222747803
85,24546.967255844706,30391.22516468167,15063,2.454414129257202
86,24546.967255844706,30289.974129071896,15237,2.483970880508423
87,24546.967255844706,30159.80646593249,15411,2.5135278701782227
88,24546.967255844706,30159.80646593249,15585,2.5426127910614014
89,24546.967255844706,30014.718932497417,15759,2.5715138912200928
90,24546.967255844706,30000.395384259537,15930,2.6007397174835205
91,24546.967255844706,29985.817137018945,16101,2.6291353702545166
92,24546.967255844706,29985.817137018945,16272,2.6573171615600586
93,24546.967255844706,29985.817137018945,16443,2.686051607131958
94,24546.967255844706,29928.776378189545,16614,2.7163448333740234
95,24546.967255844706,29915.754139544322,16785,2.7483789920806885
96,24546.967255844706,29891.94158340546,16956,2.7805721759796143
97,24546.967255844706,29860.480473038082,17127,2.8116772174835205
98,24546.967255844706,29836.767893126205,17298,2.8418428897857666
99,24546.967255844706,29836.767893126205,17469,2.8707127571105957
100,24546.967255844706,29769.691398438004,17640,2.9003467559814453
101,24546.967255844706,29741.79278737543,17811,2.9334945678710938
102,24546.967255844706,29732.929744668374,17982,2.9671905040740967
103,24546.967255844706,29685.63411873336,18153,3.001185178756714
104,24546.967255844706,29596.79194142907,18324,3.0334970951080322
105,24546.967255844706,29549.706875532014,18495,3.066526174545288
106,24546.967255844706,29480.2908739976,18666,3.098288059234619
107,24546.967255844706,29450.168999315592,18837,3.1310479640960693
108,24546.967255844706,29401.78992685025,19008,3.1616389751434326
109,24546.967255844706,29369.72246994156,19179,3.190415143966675
110,24546.967255844706,29346.05912793294,19350,3.219034433364868
111,24546.967255844706,29346.05912793294,19521,3.2478528022766113
112,24546.967255844706,29308.435512401837,19692,3.2764391899108887
113,24546.967255844706,29308.435512401837,19863,3.304835796356201
114,24546.967255844706,29240.23820940065,20034,3.3339946269989014
115,24546.967255844706,29240.23820940065,20205,3.3631200790405273
116,24546.967255844706,29240.23820940065,20376,3.3922083377838135
117,24546.967255844706,29056.091945668457,20547,3.4211020469665527
118,24546.967255844706,29032.98043135321,20718,3.450347661972046
119,24546.967255844706,29023.166644910576,20889,3.4797604084014893
120,24546.967255844706,29023.166644910576,21060,3.508898973464966
121,24546.967255844706,29023.166644910576,21231,3.538267135620117
122,24546.967255844706,29017.704868583693,21402,3.567434787750244
123,24546.967255844706,28931.768809378387,21573,3.596820592880249
124,24546.967255844706,28931.768809378387,21744,3.6261119842529297
125,24546.967255844706,28861.489231666917,21915,3.655188798904419
126,24546.967255844706,28823.76880072556,22083,3.684189796447754
127,21808.957294070075,28723.48712812871,22251,3.7122457027435303
128,21808.957294070075,28666.035373726012,22419,3.7415294647216797
129,21808.957294070075,28525.07664213118,22587,3.7728183269500732
130,21808.957294070075,28525.07664213118,22755,3.8064165115356445
131,21808.957294070075,28525.07664213118,22923,3.8400301933288574
132,21808.957294070075,28473.851737342327,23091,3.8743398189544678
133,21808.957294070075,28447.867272886906,23259,3.9096083641052246
134,21787.441597143308,28277.40618935309,23427,3.9425454139709473
135,21787.441597143308,28277.40618935309,23595,3.972731828689575
136,21787.441597143308,28226.26856291216,23763,4.0054612159729
137,21787.441597143308,28211.292812849755,23931,4.03712797164917
138,21787.441597143308,28145.98718450986,24099,4.069734573364258
139,21787.441597143308,28145.98718450986,24267,4.102441072463989
140,21787.441597143308,28131.921450127626,24435,4.13351583480835
141,20848.419134354965,27988.122696446844,24603,4.166186809539795
142,20848.419134354965,27937.635067909847,24771,4.199279546737671
143,20848.419134354965,27937.635067909847,24939,4.230942726135254
144,20848.419134354965,27888.346120416518,25107,4.265202283859253
145,20848.419134354965,27839.86935594017,25275,4.296185255050659
146,20848.419134354965,27785.80819054317,25443,4.328839540481567
147,20848.419134354965,27731.26889831692,25611,4.362696886062622
148,20848.419134354965,27731.26889831692,25779,4.39509916305542
149,20848.419134354965,27624.274768232797,25947,4.4283447265625
150,20848.419134354965,27382.383252531763,26115,4.4632790088653564
151,20848.419134354965,27353.214479670412,26283,4.496415615081787
152,20848.419134354965,27289.22739698316,26451,4.530274868011475
153,20848.419134354965,27289.22739698316,26619,4.562333822250366
154,20848.419134354965,27289.22739698316,26787,4.593921661376953
155,20848.419134354965,27235.11160181402,26955,4.6268792152404785
156,20848.419134354965,27189.610664256248,27123,4.660403490066528
157,20848.419134354965,27189.610664256248,27291,4.6917009353637695
158,20848.419134354965,27068.98403278902,27459,4.723580598831177
159,16022.354722638614,26740.256889193046,27627,4.755904912948608
160,16022.354722638614,26639.851638239816,27795,4.78926682472229
161,16022.354722638614,26447.825034342724,27963,4.821220636367798
162,16022.354722638614,26222.08150553057,28131,4.853481292724609
163,16022.354722638614,26004.092477633858,28296,4.885527849197388
164,12972.370703902125,25779.601157090005,28461,4.917985439300537
165,12972.370703902125,25754.199554891595,28626,4.949153423309326
166,12972.370703902125,25313.2784328319,28791,4.982354402542114
167,12972.370703902125,25188.273606777027,28956,5.013926029205322
168,12972.370703902125,25147.306202131313,29121,5.0453925132751465
169,12972.370703902125,25135.508853753643,29286,5.083000421524048
170,12972.370703902125,25135.508853753643,29451,5.116871356964111
171,12972.370703902125,25055.635914379192,29616,5.149407386779785
172,12629.988599608143,24700.01345281498,29781,5.190475702285767
173,12629.988599608143,24360.29153435954,29946,5.224467992782593
174,10166.176754610158,23936.7135664431,30111,5.2572290897369385
175,10166.176754610158,23209.554031296662,30276,5.289823055267334
176,9814.002358856404,22983.661231359114,30441,5.322801113128662
177,9814.002358856404,22678.812060069897,30606,5.352954387664795
178,9814.002358856404,22435.109914102934,30771,5.384956359863281
179,8295.239525417914,21595.20750465692,30936,5.421047925949097
180,8295.239525417914,20978.89803487476,31101,5.45764946937561
181,623.8378756355014,20387.05560307553,31266,5.494432210922241
182,623.8378756355014,19768.230445422072,31431,5.527599334716797
183,623.8378756355014,19768.230445422072,31596,5.5635387897491455
184,623.8378756355014,19133.40288976174,31761,5.598360776901245
185,-549.4399456631509,18229.600570478426,31926,5.632403373718262
186,-549.4399456631509,17314.715013212397,32091,5.661936521530151
187,-549.4399456631509,16837.178641246075,32256,5.690559387207031
188,-549.4399456631509,15801.292837177607,32421,5.719660758972168
189,-1029.1656202287559,14864.301736812384,32586,5.748760223388672
190,-1029.1656202287559,14306.266258715588,32751,5.7774128913879395
191,-1029.1656202287559,12960.949640322071,32916,5.806637287139893
192,-5496.63565695969,12799.820896465417,33081,5.8356850147247314
193,-5496.63565695969,11774.445533308457,33246,5.86458945274353
194,-12099.91031134838,10629.4673497145,33411,5.893535375595093
195,-12162.834057228152,9244.912052274738,33576,5.9227094650268555
196,-12162.834057228152,8507.219818287365,33741,5.951363801956177
197,-12393.267406086889,6264.968019841588,33906,5.980329990386963
198,-12393.267406086889,5014.499507762972,34071,6.008958578109741
199,-19256.804484235916,4314.2050750863655,34236,6.038652420043945
200,-19256.804484235916,3774.4434024479333,34401,6.067744970321655
201,-19256.804484235916,3216.013051937931,34563,6.096197843551636
202,-19256.804484235916,1822.2672710889008,34725,6.124811887741089
203,-21188.460030999537,603.7507737273756,34887,6.152997255325317
204,-21188.460030999537,-461.71861632377005,35049,6.182162284851074
205,-21188.460030999537,-969.2569008983528,35211,6.210641145706177
206,-22432.317685338312,-2726.621027800431,35373,6.238954782485962
207,-22432.317685338312,-3814.006082436108,35535,6.267608880996704
208,-23175.633208848092,-5554.204043405687,35697,6.296200752258301
209,-23175.633208848092,-6326.593562917863,35859,6.324836492538452
210,-23175.633208848092,-6383.428441302825,36021,6.353097438812256
211,-23175.633208848092,-6954.585644435707,36183,6.382476806640625
212,-23175.633208848092,-7311.3896498422555,36345,6.410716533660889
213,-23175.633208848092,-8034.7567760354905,36507,6.43963885307312
214,-24121.50181803976,-9115.80940400003,36669,6.468206882476807
215,-24121.50181803976,-9764.673822172566,36831,6.496564865112305
216,-24121.50181803976,-10285.348752131706,36993,6.524829149246216
217,-24121.50181803976,-10981.031197119222,37155,6.553171873092651
218,-25768.217136948806,-11875.129949963719,37317,6.581865072250366
219,-28295.210865985384,-12642.395811323217,37479,6.610297203063965
220,-28439.930152371307,-14350.447616473984,37641,6.638980388641357
221,-33161.31693349357,-14856.147794848228,37803,6.6669087409973145
222,-33161.31693349357,-15353.174422147376,37965,6.695385932922363
223,-33161.31693349357,-15353.174422147376,38127,6.724375486373901
224,-33161.31693349357,-15735.737963137464,38289,6.753162622451782
225,-33161.31693349357,-15896.042390980714,38451,6.7810375690460205
226,-33161.31693349357,-16407.973038266748,38613,6.809285640716553
227,-33161.31693349357,-16676.156032742605,38775,6.837670087814331
228,-33161.31693349357,-17305.793650778643,38937,6.866099119186401
229,-33161.31693349357,-17333.523321964054,39099,6.8947672843933105
230,-33161.31693349357,-17333.523321964054,39261,6.923202991485596
231,-33161.31693349357,-17451.05783952858,39423,6.95177149772644
232,-33161.31693349357,-17556.63715966261,39585,6.98037314414978
233,-33161.31693349357,-18017.4684208305,39747,7.009061098098755
234,-33161.31693349357,-18367.461299802788,39909,7.037402629852295
235,-33161.31693349357,-18758.572187645303,40071,7.066277027130127
236,-33161.31693349357,-19947.87001004323,40233,7.095166921615601
237,-33161.31693349357,-19947.87001004323,40395,7.123720407485962
238,-33161.31693349357,-20229.15487532296,40557,7.152315139770508
239,-33161.31693349357,-20817.519814604722,40719,7.180495500564575
240,-33161.31693349357,-21033.30833722585,40878,7.208125114440918
241,-36765.751285645296,-21308.452982667262,41037,7.23642635345459
242,-36765.751285645296,-21754.45471944491,41196,7.264469385147095
243,-36765.751285645296,-21754.45471944491,41355,7.292171955108643
244,-36765.751285645296,-21877.031440735915,41514,7.320335149765015
245,-36765.751285645296,-22047.753140554618,41673,7.3485941886901855
246,-36765.751285645296,-22072.455194057013,41832,7.377268075942993
247,-36765.751285645296,-22311.583860060095,41991,7.405042409896851
248,-36765.751285645296,-22349.697679691948,42150,7.4329564571380615
249,-36765.751285645296,-22917.900456306077,42309,7.460653066635132
250,-36765.751285645296,-22917.900456306077,42468,7.4882776737213135
251,-36765.751285645296,-22917.900456306077,42627,7.516242027282715
252,-36765.751285645296,-23469.155787836193,42786,7.544063568115234
253,-36765.751285645296,-23727.347474297345,42945,7.572311162948608
254,-36765.751285645296,-23727.347474297345,43104,7.600454092025757
255,-36765.751285645296,-24395.59825816173,43263,7.628032684326172
256,-36765.751285645296,-24395.59825816173,43422,7.655937671661377
257,-36765.751285645296,-24395.59825816173,43581,7.683410406112671
258,-36765.751285645296,-24521.88407246475,43740,7.711472511291504
259,-36765.751285645296,-24521.88407246475,43899,7.7391579151153564
260,-36765.751285645296,-25070.125501224928,44058,7.7673845291137695
261,-37476.82268259226,-25240.63290745551,44217,7.795522451400757
262,-37476.82268259226,-25391.18949132154,44376,7.824383497238159
263,-37476.82268259226,-25391.18949132154,44535,7.8535778522491455
264,-37476.82268259226,-25391.18949132154,44694,7.881344318389893
265,-37476.82268259226,-25391.18949132154,44853,7.9094555377960205
266,-37476.82268259226,-25391.18949132154,45012,7.937204837799072
267,-37476.82268259226,-25391.18949132154,45171,7.96516489982605
268,-37476.82268259226,-25391.18949132154,45330,7.99317741394043
269,-37476.82268259226,-25391.18949132154,45489,8.021066188812256
270,-37476.82268259226,-25429.799613490297,45648,8.04907488822937
271,-37476.82268259226,-25483.392108956374,45807,8.077264785766602
272,-37476.82268259226,-25483.392108956374,45966,8.105263471603394
273,-37476.82268259226,-25483.392108956374,46125,8.132808685302734
274,-37476.82268259226,-25483.392108956374,46284,8.160792589187622
275,-37476.82268259226,-25607.956904655115,46443,8.189197778701782
276,-37476.82268259226,-25607.956904655115,46602,8.217936038970947
277,-37476.82268259226,-25643.705923002333,46761,8.246402263641357
278,-37476.82268259226,-26069.005780661428,46920,8.274222135543823
279,-37476.82268259226,-26069.005780661428,47076,8.301857948303223
280,-37476.82268259226,-26145.95137921197,47232,8.329282999038696
281,-37476.82268259226,-26145.95137921197,47388,8.357048988342285
282,-37476.82268259226,-26249.169490226668,47544,8.384477138519287
283,-37476.82268259226,-26249.169490226668,47700,8.411607503890991
284,-37476.82268259226,-26249.169490226668,47856,8.43895411491394
285,-37476.82268259226,-26249.169490226668,48012,8.466332197189331
286,-40561.35228062526,-26465.795915992723,48168,8.49373459815979
287,-40561.35228062526,-26465.795915992723,48324,8.52129602432251
288,-40561.35228062526,-26465.795915992723,48480,8.548424243927002
289,-40561.35228062526,-26465.795915992723,48636,8.575594186782837
290,-40561.35228062526,-26465.795915992723,48792,8.602447032928467
291,-40561.35228062526,-26465.795915992723,48948,8.629496335983276
292,-40561.35228062526,-26465.795915992723,49104,8.656586647033691
293,-40561.35228062526,-26465.795915992723,49260,8.683669805526733
294,-40561.35228062526,-26557.497981466742,49416,8.71134066581726
295,-40561.35228062526,-26557.497981466742,49572,8.73889684677124
296,-40561.35228062526,-26557.497981466742,49728,8.766582727432251
297,-40561.35228062526,-26557.497981466742,49884,8.793916940689087
298,-40561.35228062526,-26602.447397445598,50040,8.821324586868286
299,-40561.35228062526,-26602.447397445598,50196,8.850386142730713
300,-40561.35228062526,-26602.447397445598,50352,8.87891960144043
301,-40561.35228062526,-26723.151439514055,50508,8.90658974647522
302,-40561.35228062526,-26723.151439514055,50664,8.933789730072021
303,-40561.35228062526,-26723.151439514055,50820,8.961209535598755
304,-40561.35228062526,-26801.726166978173,50976,8.988283157348633
305,-40561.35228062526,-26828.426848774114,51132,9.015512943267822
306,-40561.35228062526,-26828.426848774114,51288,9.042827367782593
307,-40561.35228062526,-26884.88026670952,51444,9.069882154464722
308,-40561.35228062526,-26884.88026670952,51600,9.097302198410034
309,-40561.35228062526,-26884.88026670952,51756,9.12524938583374
310,-40561.35228062526,-26884.88026670952,51912,9.152528762817383
311,-40561.35228062526,-26884.88026670952,52068,9.179989099502563
312,-40561.35228062526,-26978.306062149717,52224,9.207042455673218
313,-40561.35228062526,-27136.479168620463,52380,9.234485864639282
314,-40561.35228062526,-27136.479168620463,52536,9.262007713317871
315,-40561.35228062526,-27148.65530601227,52692,9.289543867111206
316,-40561.35228062526,-27148.65530601227,52848,9.316819190979004
317,-40561.35228062526,-27160.770685825617,53004,9.34481143951416
318,-40561.35228062526,-27427.083874229716,53160,9.372502565383911
319,-40561.35228062526,-27427.083874229716,53313,9.398958921432495
320,-40561.35228062526,-27572.35992765813,53466,9.426111698150635
321,-40561.35228062526,-27572.35992765813,53619,9.452824115753174
322,-40561.35228062526,-27572.35992765813,53772,9.480167150497437
323,-40561.35228062526,-27572.35992765813,53925,9.50647521018982
324,-40561.35228062526,-27572.35992765813,54078,9.533254623413086
325,-40561.35228062526,-27572.35992765813,54231,9.559739589691162
326,-40561.35228062526,-27572.35992765813,54384,9.58635425567627
327,-40561.35228062526,-27572.35992765813,54537,9.61325979232788
328,-40561.35228062526,-27572.35992765813,54690,9.639628410339355
329,-40561.35228062526,-27572.35992765813,54843,9.665927171707153
330,-40561.35228062526,-27572.35992765813,54996,9.692197561264038
331,-40561.35228062526,-27572.35992765813,55149,9.718883037567139
332,-40561.35228062526,-27572.35992765813,55302,9.745660543441772
333,-40561.35228062526,-27572.35992765813,55455,9.77230453491211
334,-40561.35228062526,-27572.35992765813,55608,9.79916262626648
335,-40561.35228062526,-27572.35992765813,55761,9.825963973999023
336,-40561.35228062526,-27572.35992765813,55914,9.85298752784729
337,-40561.35228062526,-27572.35992765813,56067,9.8798246383667
338,-40561.35228062526,-27572.35992765813,56220,9.90748643875122
339,-40561.35228062526,-27653.286101065736,56373,9.934343099594116
340,-40561.35228062526,-27653.286101065736,56526,9.961193799972534
341,-40561.35228062526,-27653.286101065736,56679,9.987654685974121
342,-40561.35228062526,-27653.286101065736,56832,10.01490068435669
343,-40561.35228062526,-27653.286101065736,56985,10.041457414627075
344,-40561.35228062526,-27653.286101065736,57138,10.068285465240479
345,-40561.35228062526,-27653.286101065736,57291,10.09469223022461
346,-40561.35228062526,-27653.286101065736,57444,10.122065544128418
347,-40561.35228062526,-27653.286101065736,57597,10.14877963066101
348,-40561.35228062526,-27653.286101065736,57750,10.175190925598145
349,-40561.35228062526,-27653.286101065736,57903,10.201519012451172
350,-40561.35228062526,-27653.286101065736,58056,10.228142261505127
351,-40561.35228062526,-27653.286101065736,58209,10.25511908531189
352,-40561.35228062526,-27653.286101065736,58362,10.281303882598877
353,-40561.35228062526,-27653.286101065736,58515,10.307896375656128
354,-40561.35228062526,-27653.286101065736,58668,10.335191488265991
355,-40561.35228062526,-27653.286101065736,58821,10.36194109916687
356,-40561.35228062526,-27653.286101065736,58974,10.388077735900879
357,-40561.35228062526,-27707.336067719163,59127,10.41489839553833
358,-40561.35228062526,-27707.336067719163,59280,10.442425727844238
359,-40561.35228062526,-27978.855445613957,59433,10.469257831573486
360,-40561.35228062526,-27978.855445613957,59583,10.495042085647583
361,-40561.35228062526,-28201.289562004935,59733,10.521327018737793
362,-40561.35228062526,-28201.289562004935,59883,10.54793643951416
363,-40561.35228062526,-28201.289562004935,60033,10.574225902557373
364,-40561.35228062526,-28201.289562004935,60183,10.599947452545166
365,-40561.35228062526,-28201.289562004935,60333,10.62595534324646
366,-40561.35228062526,-28201.289562004935,60483,10.651786088943481
367,-40561.35228062526,-28422.14242499029,60633,10.677894830703735
368,-40561.35228062526,-28422.14242499029,60783,10.703385829925537
369,-40561.35228062526,-28422.14242499029,60933,10.729093074798584
370,-40561.35228062526,-28422.14242499029,61083,10.755189895629883
371,-40561.35228062526,-28422.14242499029,61233,10.780631065368652
372,-40561.35228062526,-28422.14242499029,61383,10.806315898895264
373,-40561.35228062526,-28422.14242499029,61533,10.83231520652771
374,-40561.35228062526,-28422.14242499029,61683,10.85879898071289
375,-40561.35228062526,-28422.14242499029,61833,10.884843826293945
376,-40561.35228062526,-28422.14242499029,61983,10.91107988357544
377,-40561.35228062526,-28422.14242499029,62133,10.936909675598145
378,-40561.35228062526,-28422.14242499029,62283,10.963249921798706
379,-40561.35228062526,-28422.14242499029,62433,10.98928189277649
380,-40561.35228062526,-28731.484912147767,62583,11.015581369400024
381,-40561.35228062526,-28731.484912147767,62733,11.04139256477356
382,-40561.35228062526,-28731.484912147767,62883,11.067421674728394
383,-40561.35228062526,-28731.484912147767,63033,11.093385934829712
384,-40561.35228062526,-28877.48044032338,63183,11.119758367538452
385,-40561.35228062526,-28912.782294779197,63333,11.145612478256226
386,-40561.35228062526,-28912.782294779197,63483,11.17167067527771
387,-40561.35228062526,-28912.782294779197,63633,11.197794437408447
388,-40561.35228062526,-28912.782294779197,63783,11.223655462265015
389,-40561.35228062526,-28912.782294779197,63933,11.24976658821106
390,-40561.35228062526,-28933.430930135706,64083,11.275705814361572
391,-40561.35228062526,-28967.96788916745,64233,11.301651000976562
392,-40561.35228062526,-28967.96788916745,64383,11.327328205108643
393,-40561.35228062526,-28967.96788916745,64533,11.353153944015503
394,-40561.35228062526,-28967.96788916745,64683,11.378953218460083
395,-40561.35228062526,-29006.263917438773,64833,11.405152559280396
396,-40561.35228062526,-29006.263917438773,64983,11.43075156211853
397,-40561.35228062526,-29006.263917438773,65133,11.456342458724976
398,-40561.35228062526,-29006.263917438773,65283,11.483257055282593
399,-40561.35228062526,-29006.263917438773,65433,11.508925199508667
400,-40561.35228062526,-29006.263917438773,65583,11.53455376625061
401,-40561.35228062526,-29219.862825234828,65733,11.560395002365112
402,-40561.35228062526,-29219.862825234828,65880,11.585691690444946
403,-40561.35228062526,-29219.862825234828,66027,11.611226081848145
404,-40561.35228062526,-29219.862825234828,66174,11.636662244796753
405,-40561.35228062526,-29219.862825234828,66321,11.661702156066895
406,-40561.35228062526,-29219.862825234828,66468,11.686862468719482
407,-40561.35228062526,-29219.862825234828,66615,11.71262788772583
408,-40561.35228062526,-29219.862825234828,66762,11.738142013549805
409,-40561.35228062526,-29219.862825234828,66909,11.763247013092041
410,-40561.35228062526,-29219.862825234828,67056,11.788246393203735
411,-40561.35228062526,-29219.862825234828,67203,11.81420612335205
412,-40561.35228062526,-29219.862825234828,67350,11.840603113174438
413,-40561.35228062526,-29219.862825234828,67497,11.866377353668213
414,-40561.35228062526,-29219.862825234828,67644,11.891802787780762
415,-40561.35228062526,-29219.862825234828,67791,11.917312383651733
416,-40561.35228062526,-29219.862825234828,67938,11.94215178489685
417,-40561.35228062526,-29219.862825234828,68085,11.967824697494507
418,-40561.35228062526,-29219.862825234828,68232,11.99309492111206
419,-40561.35228062526,-29219.862825234828,68379,12.019110679626465
420,-40561.35228062526,-29219.862825234828,68526,12.044721364974976
421,-40561.35228062526,-29219.862825234828,68673,12.070057153701782
422,-40561.35228062526,-29219.862825234828,68820,12.095368146896362
423,-40561.35228062526,-29295.418541058592,68967,12.120880365371704
424,-40561.35228062526,-29295.418541058592,69114,12.146381378173828
425,-40561.35228062526,-29295.418541058592,69261,12.171688318252563
426,-40561.35228062526,-29295.418541058592,69408,12.19719910621643
427,-40561.35228062526,-29295.418541058592,69555,12.22241997718811
428,-40561.35228062526,-29295.418541058592,69702,12.247615098953247
429,-40561.35228062526,-29295.418541058592,69849,12.27283763885498
430,-40561.35228062526,-29295.418541058592,69996,12.298538446426392
431,-40561.35228062526,-29295.418541058592,70143,12.324286937713623
432,-40561.35228062526,-29295.418541058592,70290,12.352076530456543
433,-40561.35228062526,-29295.418541058592,70437,12.380531311035156
434,-40561.35228062526,-29295.418541058592,70584,12.408567428588867
435,-40561.35228062526,-29295.418541058592,70731,12.437357902526855
436,-40561.35228062526,-29295.418541058592,70878,12.466140985488892
437,-40561.35228062526,-29295.418541058592,71025,12.491701364517212
438,-40561.35228062526,-29295.418541058592,71172,12.517031908035278
439,-40561.35228062526,-29295.418541058592,71319,12.542748928070068
440,-40561.35228062526,-29295.418541058592,71466,12.5684175491333
441,-40561.35228062526,-29295.418541058592,71613,12.593774318695068
442,-40561.35228062526,-29295.418541058592,71760,12.618898630142212
443,-40561.35228062526,-29460.527958874794,71907,12.644089937210083
444,-40561.35228062526,-29460.527958874794,72051,12.669000148773193
445,-40561.35228062526,-29676.912407349428,72195,12.693831205368042
446,-40561.35228062526,-29676.912407349428,72339,12.71880555152893
447,-40561.35228062526,-29676.912407349428,72483,12.743412733078003
448,-40561.35228062526,-29676.912407349428,72627,12.768274068832397
449,-40561.35228062526,-29676.912407349428,72771,12.793048858642578
450,-40561.35228062526,-29676.912407349428,72915,12.818117618560791
451,-40561.35228062526,-29676.912407349428,73059,12.843048572540283
452,-40561.35228062526,-29676.912407349428,73203,12.868099451065063
453,-40561.35228062526,-29676.912407349428,73347,12.893005132675171
454,-40561.35228062526,-29676.912407349428,73491,12.917871475219727
455,-40561.35228062526,-29676.912407349428,73635,12.942867279052734
456,-40561.35228062526,-29676.912407349428,73779,12.967912912368774
457,-40561.35228062526,-29676.912407349428,73923,12.993222713470459
458,-40561.35228062526,-29676.912407349428,74067,13.018310070037842
459,-40561.35228062526,-29676.912407349428,74211,13.042866230010986
460,-40561.35228062526,-29676.912407349428,74355,13.067821741104126
461,-40561.35228062526,-29676.912407349428,74499,13.093436241149902
462,-40561.35228062526,-29676.912407349428,74643,13.118653774261475
463,-40561.35228062526,-29676.912407349428,74787,13.143299341201782
464,-40561.35228062526,-29676.912407349428,74931,13.168285369873047
465,-40561.35228062526,-29676.912407349428,75075,13.193029165267944
466,-40561.35228062526,-29676.912407349428,75219,13.218064546585083
467,-40561.35228062526,-29778.000243888866,75363,13.25138258934021
468,-40561.35228062526,-29778.000243888866,75507,13.277947187423706
469,-40561.35228062526,-29778.000243888866,75651,13.303332567214966
470,-40561.35228062526,-29778.000243888866,75795,13.328055143356323
471,-40561.35228062526,-29778.000243888866,75939,13.352709531784058
472,-40561.35228062526,-29778.000243888866,76083,13.377515316009521
473,-40561.35228062526,-29778.000243888866,76227,13.40238642692566
474,-40561.35228062526,-29778.000243888866,76371,13.426985502243042
475,-40561.35228062526,-29778.000243888866,76515,13.451757192611694
476,-40561.35228062526,-29778.000243888866,76659,13.476806879043579
477,-40561.35228062526,-29778.000243888866,76803,13.50139570236206
478,-40561.35228062526,-29778.000243888866,76947,13.52621340751648
479,-40561.35228062526,-29778.000243888866,77091,13.550941705703735
480,-40561.35228062526,-29778.000243888866,77235,13.575801372528076
481,-40561.35228062526,-29778.000243888866,77379,13.601136684417725
482,-40561.35228062526,-29778.000243888866,77523,13.626346826553345
483,-40561.35228062526,-29778.000243888866,77667,13.651296377182007
484,-40561.35228062526,-29778.000243888866,77811,13.676026582717896
485,-40561.35228062526,-29778.000243888866,77955,13.700806856155396
486,-40561.35228062526,-29778.000243888866,78099,13.726118087768555
487,-40561.35228062526,-29952.750549588683,78243,13.751088619232178
488,-40561.35228062526,-29952.750549588683,78384,13.775568962097168
489,-40561.35228062526,-29952.750549588683,78525,13.799525260925293
490,-40561.35228062526,-29952.750549588683,78666,13.823350191116333
491,-40561.35228062526,-29952.750549588683,78807,13.847652673721313
492,-40561.35228062526,-29952.750549588683,78948,13.874003171920776
493,-40561.35228062526,-29952.750549588683,79089,13.905754327774048
494,-40561.35228062526,-29952.750549588683,79230,13.930665016174316
495,-40561.35228062526,-29952.750549588683,79371,13.954893350601196
496,-40561.35228062526,-29952.750549588683,79512,13.978899955749512
497,-40561.35228062526,-29952.750549588683,79653,14.002881050109863
498,-40561.35228062526,-29952.750549588683,79794,14.026565313339233
499,-40561.35228062526,-29952.750549588683,79935,14.05061936378479
500,-40561.35228062526,-29952.750549588683,80076,14.074350118637085
501,-40561.35228062526,-29959.56459536854,80217,14.098229169845581
502,-40561.35228062526,-29959.56459536854,80358,14.122543811798096
503,-40561.35228062526,-29959.56459536854,80499,14.146559953689575
504,-53763.415181488715,-30472.21995403363,80640,14.170590877532959
505,-53763.415181488715,-30604.922639597607,80781,14.194359302520752
506,-57672.35893002989,-31227.004438745986,80922,14.218549728393555
507,-57672.35893002989,-31227.004438745986,81063,14.242088317871094
508,-57672.35893002989,-31227.004438745986,81204,14.26575231552124
509,-57672.35893002989,-31853.215616047586,81345,14.289990663528442
510,-110559.99871714834,-33501.6633653717,81486,14.314559936523438
511,-110559.99871714834,-34179.48697500263,81627,14.338721513748169
512,-110559.99871714834,-35751.85261234053,81768,14.36290192604065
513,-110559.99871714834,-35819.087164571436,81909,14.387157917022705
514,-110559.99871714834,-35976.0398379117,82050,14.411195516586304
515,-110559.99871714834,-36480.93200945576,82191,14.4351224899292
516,-110559.99871714834,-36882.10418154148,82332,14.459251403808594
517,-110559.99871714834,-37353.540292281046,82473,14.483797550201416
518,-110559.99871714834,-37967.22437799405,82614,14.507957696914673
519,-110559.99871714834,-38036.43167880098,82755,14.531418085098267
520,-110559.99871714834,-39126.04685675366,82896,14.555126190185547
521,-110559.99871714834,-39126.04685675366,83037,14.579003095626831
522,-110559.99871714834,-39305.47901534462,83178,14.603585958480835
523,-110559.99871714834,-40029.150324154405,83319,14.62778115272522
524,-110559.99871714834,-40029.150324154405,83460,14.652614831924438
525,-110559.99871714834,-41521.0462471806,83601,14.676389455795288
526,-110559.99871714834,-41919.14968766741,83742,14.700674057006836
527,-110559.99871714834,-42097.10455458497,83883,14.72456407546997
528,-110559.99871714834,-43622.729439420815,84024,14.748653173446655
529,-110559.99871714834,-43622.729439420815,84165,14.772851705551147
530,-110559.99871714834,-43889.27601058326,84306,14.796879529953003
531,-110559.99871714834,-45423.52229732745,84447,14.820873737335205
532,-112399.82152001029,-47535.800780167345,84585,14.844561100006104
533,-112399.82152001029,-48169.266443961475,84723,14.868138313293457
534,-112399.82152001029,-48346.11259592277,84861,14.891881704330444
535,-112399.82152001029,-48346.11259592277,84999,14.915395498275757
536,-112399.82152001029,-49027.27024551284,85137,14.938935279846191
537,-112399.82152001029,-50334.55472890287,85275,14.962417602539062
538,-112399.82152001029,-51070.414344134166,85413,14.986087322235107
539,-112399.82152001029,-51343.90424477281,85551,15.0096435546875
540,-112399.82152001029,-51377.59416918883,85689,15.03296971321106
541,-112399.82152001029,-51377.59416918883,85827,15.056228399276733
542,-112399.82152001029,-51610.8188443724,85965,15.079394340515137
543,-112399.82152001029,-54354.50064315124,86103,15.10305142402649
544,-112399.82152001029,-54774.24803077631,86241,15.126542329788208
545,-112399.82152001029,-54774.24803077631,86379,15.150074005126953
546,-112399.82152001029,-55618.941627550965,86517,15.17311406135559
547,-112399.82152001029,-55618.941627550965,86655,15.196786403656006
548,-6101596.87290745,-186884.55751587253,86793,15.220544576644897
549,-6101596.87290745,-245103.5041053509,86931,15.243407487869263
550,-6101596.87290745,-621516.5750468414,87069,15.266870498657227
551,-6101596.87290745,-1090442.4609346048,87207,15.290496826171875
552,-6101596.87290745,-1648238.260035806,87345,15.31383466720581
553,-6101596.87290745,-1833343.248047659,87483,15.337290525436401
554,-6101596.87290745,-1946068.9403116158,87621,15.36066746711731
555,-6101596.87290745,-2062533.0479404754,87759,15.384191513061523
556,-6101596.87290745,-2133390.2577546993,87897,15.407437086105347
557,-6101596.87290745,-2265579.767991967,88035,15.43059253692627
558,-7541377.9346367065,-2606267.4903274206,88173,15.453677892684937
559,-7541377.9346367065,-2800871.208064096,88311,15.477351903915405
560,-7917456.093285428,-3324180.938719256,88449,15.500585317611694
561,-7917456.093285428,-3696071.004288882,88587,15.524050235748291
562,-16037356.970548853,-4137626.6848587994,88725,15.5475332736969
563,-16037356.970548853,-4288972.279235205,88863,15.570600986480713
564,-16037356.970548853,-4330309.649774481,89001,15.593897104263306
565,-16037356.970548853,-4376543.693726654,89139,15.616800785064697
566,-16037356.970548853,-4430065.787741312,89277,15.640225172042847
567,-16037356.970548853,-4576886.763198641,89415,15.663488626480103
568,-16037356.970548853,-5055826.676411904,89553,15.68713927268982
569,-16037356.970548853,-5377428.126448181,89691,15.710767984390259
570,-16037356.970548853,-5588392.536793124,89829,15.734245538711548
571,-16037356.970548853,-5588392.536793124,89967,15.756922483444214
572,-16037356.970548853,-5651961.482293233,90105,15.779938697814941
573,-16037356.970548853,-5673564.284295699,90243,15.803248405456543
574,-16037356.970548853,-6118920.829774534,90381,15.827134370803833
575,-16037356.970548853,-6279686.769144045,90519,15.850204229354858
576,-16037356.970548853,-6534543.235621921,90657,15.873250246047974
577,-16037356.970548853,-6741758.820741855,90792,15.895906686782837
578,-16037356.970548853,-6791938.823079714,90927,15.918765783309937
579,-16037356.970548853,-7076892.2201127,91062,15.941292524337769
580,-16037356.970548853,-7117945.377225723,91197,15.964223146438599
581,-16037356.970548853,-7204784.6436728155,91332,15.987073421478271
582,-16037356.970548853,-7326351.453387371,91467,16.009348154067993
583,-16037356.970548853,-7483595.000743711,91602,16.03205394744873
584,-16037356.970548853,-7485513.9566335585,91737,16.05465841293335
585,-16037356.970548853,-7524653.487081932,91872,16.07746958732605
586,-16037356.970548853,-7655672.960932361,92007,16.09970259666443
587,-16037356.970548853,-7686427.4884036565,92142,16.12198543548584
588,-16037356.970548853,-8063608.866984662,92277,16.144293546676636
589,-16037356.970548853,-8136635.944060934,92412,16.166895627975464
590,-16037356.970548853,-8221556.259159651,92547,16.189359426498413
591,-16037356.970548853,-8645992.61678302,92682,16.21148133277893
592,-16037356.970548853,-8660218.739785973,92817,16.233790636062622
593,-16037356.970548853,-8753052.378321983,92952,16.256722927093506
594,-16037356.970548853,-9069608.73016222,93087,16.27936053276062
595,-16037356.970548853,-9524457.60118607,93222,16.302122116088867
596,-16037356.970548853,-9524457.60118607,93357,16.324516773223877
597,-16037356.970548853,-9628909.933254141,93492,16.347066164016724
598,-16037356.970548853,-9664312.632750751,93627,16.369621992111206
599,-16037356.970548853,-9756811.78014012,93762,16.391993761062622
600,-16037356.970548853,-9884186.551369678,93897,16.414523601531982
601,-16265118.252631081,-9994141.444077168,94032,16.437134265899658
602,-16265118.252631081,-10079503.061337955,94167,16.459373950958252
603,-16265118.252631081,-10123383.913909176,94302,16.481858730316162
604,-16265118.252631081,-10194502.028967442,94437,16.50427746772766
605,-16411560.961495323,-10414923.001389282,94572,16.526493310928345
606,-16411560.961495323,-10427314.987849899,94707,16.549160718917847
607,-16411560.961495323,-10427314.987849899,94842,16.572097539901733
608,-16411560.961495323,-10521545.47061177,94977,16.594406127929688
609,-16411560.961495323,-10543673.991950108,95112,16.616978406906128
610,-16411560.961495323,-10626807.334738802,95247,16.639021158218384
611,-16411560.961495323,-10676196.356149929,95382,16.661300659179688
612,-16411560.961495323,-10698500.218380703,95517,16.68383502960205
613,-16411560.961495323,-10705070.605730698,95652,16.706138610839844
614,-16411560.961495323,-10827420.41106347,95787,16.72853183746338
615,-16411560.961495323,-10827420.41106347,95922,16.750762939453125
616,-16411560.961495323,-10846619.33671591,96057,16.773469924926758
617,-16411560.961495323,-10846619.33671591,96192,16.795921087265015
618,-16411560.961495323,-10846619.33671591,96327,16.818560361862183
619,-16411560.961495323,-10985137.86480441,96462,16.841396808624268
620,-16411560.961495323,-11063665.963297125,96597,16.86435866355896
621,-16411560.961495323,-11063665.963297125,96732,16.88692021369934
622,-16411560.961495323,-11132136.183492154,96867,16.909184217453003
623,-16411560.961495323,-11266572.546924006,97002,16.93172812461853
624,-16411560.961495323,-11266572.546924006,97134,16.953898906707764
625,-16411560.961495323,-11266572.546924006,97266,16.97575545310974
626,-16411560.961495323,-11266572.546924006,97398,16.997782468795776
627,-16411560.961495323,-11266572.546924006,97530,17.019388914108276
628,-16411560.961495323,-11298465.215824809,97662,17.04150629043579
629,-16411560.961495323,-11298465.215824809,97794,17.063321352005005
630,-16411560.961495323,-11373919.917923953,97926,17.08529305458069
631,-16411560.961495323,-11373919.917923953,98058,17.10716199874878
632,-16411560.961495323,-11402596.421551468,98190,17.128662824630737
633,-16411560.961495323,-11412060.972105626,98322,17.15047001838684
634,-16411560.961495323,-11412060.972105626,98454,17.17230749130249
635,-16411560.961495323,-11446303.563048722,98586,17.194400548934937
636,-16506183.972774772,-11628037.10326981,98718,17.21639060974121
637,-16506183.972774772,-11668231.267816572,98850,17.23853087425232
638,-16506183.972774772,-11710302.800054384,98982,17.26023292541504
639,-16506183.972774772,-11710302.800054384,99114,17.282065391540527
640,-16506183.972774772,-11710302.800054384,99246,17.304168939590454
641,-16506183.972774772,-11710302.800054384,99378,17.32663607597351
642,-16913311.709011186,-11797247.6728138,99510,17.348708152770996
643,-16913311.709011186,-11797247.6728138,99642,17.370182275772095
644,-16913311.709011186,-11836481.636591034,99774,17.39223885536194
645,-16913311.709011186,-11836481.636591034,99906,17.414039373397827
646,-16913311.709011186,-11850819.193308424,100038,17.4357750415802
647,-16913311.709011186,-11961459.560800128,100170,17.458069324493408
648,-16913311.709011186,-11961459.560800128,100302,17.479791402816772
649,-16913311.709011186,-11961459.560800128,100434,17.50181746482849
650,-16913311.709011186,-11961459.560800128,100566,17.524307012557983
651,-16913311.709011186,-11961459.560800128,100698,17.545949935913086
652,-16913311.709011186,-11969867.610586409,100830,17.567935943603516
653,-16913311.709011186,-11969867.610586409,100962,17.590150594711304
654,-16913311.709011186,-11969867.610586409,101094,17.612176656723022
655,-16913311.709011186,-11969867.610586409,101226,17.63430619239807
656,-16913311.709011186,-11969867.610586409,101358,17.65614128112793
657,-16913311.709011186,-11969867.610586409,101490,17.678127765655518
658,-16913311.709011186,-12098672.331847077,101622,17.700010538101196
659,-16913311.709011186,-12098672.331847077,101754,17.72188401222229
660,-16913311.709011186,-12098672.331847077,101886,17.74355697631836
661,-16913311.709011186,-12117344.927693112,102018,17.765326738357544
662,-16913311.709011186,-12177350.597564293,102150,17.787368059158325
663,-16913311.709011186,-12358416.32951123,102282,17.809104204177856
664,-16913311.709011186,-12358416.32951123,102414,17.831282377243042
665,-16913311.709011186,-12399132.101680182,102546,17.85369324684143
666,-16913311.709011186,-12436644.296633868,102678,17.875431299209595
667,-16913311.709011186,-12519099.918483503,102810,17.897453784942627
668,-16913311.709011186,-12519099.918483503,102942,17.91924500465393
669,-16913311.709011186,-12639895.689701468,103074,17.941148042678833
670,-16913311.709011186,-12740576.921066482,103206,17.96365785598755
671,-16913311.709011186,-12740576.921066482,103335,17.98483443260193
672,-16913311.709011186,-12740576.921066482,103464,18.006574153900146
673,-16913311.709011186,-12740576.921066482,103593,18.027846813201904
674,-16913311.709011186,-12740576.921066482,103722,18.04913091659546
675,-16913311.709011186,-12747433.44252308,103851,18.07051968574524
676,-16913311.709011186,-12747433.44252308,103980,18.092002868652344
677,-16913311.709011186,-12747433.44252308,104109,18.11335277557373
678,-16913311.709011186,-12747433.44252308,104238,18.1343891620636
679,-16913311.709011186,-12747433.44252308,104367,18.156512022018433
680,-16913311.709011186,-12747433.44252308,104496,18.17790651321411
681,-16913311.709011186,-12747433.44252308,104625,18.199486255645752
682,-16913311.709011186,-12747433.44252308,104754,18.220611572265625
683,-16913311.709011186,-12747433.44252308,104883,18.241754293441772
684,-16913311.709011186,-12747433.44252308,105012,18.263230800628662
685,-16913311.709011186,-12747433.44252308,105141,18.28448510169983
686,-16913311.709011186,-12768725.086998342,105270,18.305893182754517
687,-16913311.709011186,-12777973.211072395,105399,18.32750630378723
688,-16913311.709011186,-12777973.211072395,105528,18.348674535751343
689,-16913311.709011186,-12777973.211072395,105657,18.37026023864746
690,-16913311.709011186,-12777973.211072395,105786,18.39150047302246
691,-16913311.709011186,-12777973.211072395,105915,18.41236662864685
692,-16913311.709011186,-12906649.166837288,106044,18.434158086776733
693,-16913311.709011186,-12906649.166837288,106173,18.455676555633545
694,-16913311.709011186,-12906649.166837288,106302,18.477049827575684
695,-16913311.709011186,-12906649.166837288,106431,18.497943878173828
696,-16913311.709011186,-12906649.166837288,106560,18.519065380096436
697,-16913311.709011186,-12941045.765634196,106689,18.540086269378662
698,-16913311.709011186,-12941045.765634196,106818,18.561870098114014
699,-16913311.709011186,-12941045.765634196,106947,18.583132028579712
700,-16913311.709011186,-12941045.765634196,107076,18.604583024978638
701,-16913311.709011186,-12941045.765634196,107205,18.625687837600708
702,-16913311.709011186,-12941045.765634196,107334,18.64720845222473
703,-16913311.709011186,-12941045.765634196,107463,18.668254137039185
704,-16913311.709011186,-12941045.765634196,107592,18.689683198928833
705,-16913311.709011186,-12941045.765634196,107721,18.71110200881958
706,-16913311.709011186,-12941045.765634196,107850,18.73219060897827
707,-16913311.709011186,-12941045.765634196,107979,18.75372576713562
708,-16913311.709011186,-12941045.765634196,108108,18.77462887763977
709,-16913311.709011186,-13074607.12051755,108237,18.79574728012085
710,-16913311.709011186,-13074607.12051755,108366,18.817239999771118
711,-16913311.709011186,-13074607.12051755,108495,18.83875298500061
712,-16913311.709011186,-13074607.12051755,108624,18.85998272895813
713,-16913311.709011186,-13081599.553722357,108753,18.881500959396362
714,-16913311.709011186,-13081599.553722357,108882,18.902897596359253
715,-16913311.709011186,-13107672.118612237,109011,18.9243221282959
716,-16913311.709011186,-13107672.118612237,109140,18.94532346725464
717,-16913311.709011186,-13107672.118612237,109269,18.96708607673645
718,-16913311.709011186,-13206612.482762743,109398,18.98810052871704
719,-16913311.709011186,-13276786.585158853,109524,19.008962631225586
720,-16913311.709011186,-13276786.585158853,109650,19.029803037643433
721,-16913311.709011186,-13276786.585158853,109776,19.049978494644165
722,-16913311.709011186,-13276786.585158853,109902,19.070571660995483
723,-16913311.709011186,-13276786.585158853,110028,19.09107732772827
724,-16913311.709011186,-13276786.585158853,110154,19.11138939857483
725,-16913311.709011186,-13361425.23227695,110280,19.132261514663696
726,-16913311.709011186,-13361425.23227695,110406,19.153181076049805
727,-16913311.709011186,-13361425.23227695,110532,19.1742262840271
728,-16913311.709011186,-13361425.23227695,110658,19.194918870925903
729,-16913311.709011186,-13361425.23227695,110784,19.215662956237793
730,-16913311.709011186,-13361425.23227695,110910,19.23629093170166
731,-16913311.709011186,-13361425.23227695,111036,19.257179498672485
732,-16913311.709011186,-13361425.23227695,111162,19.278402090072632
733,-16913311.709011186,-13361425.23227695,111288,19.299139738082886
734,-16913311.709011186,-13361425.23227695,111414,19.319717407226562
735,-16913311.709011186,-13361425.23227695,111540,19.340517044067383
736,-16913311.709011186,-13406095.284372756,111666,19.361056327819824
737,-16913311.709011186,-13406981.396438029,111792,19.382017850875854
738,-16913311.709011186,-13406981.396438029,111918,19.402891159057617
739,-16913311.709011186,-13406981.396438029,112044,19.423489809036255
740,-16913311.709011186,-13406981.396438029,112170,19.444254636764526
741,-16913311.709011186,-13406981.396438029,112296,19.465407609939575
742,-16913311.709011186,-13406981.396438029,112422,19.485937118530273
743,-16913311.709011186,-13406981.396438029,112548,19.50671696662903
744,-16913311.709011186,-13406981.396438029,112674,19.52723526954651
745,-16913311.709011186,-13406981.396438029,112800,19.548150300979614
746,-16913311.709011186,-13406981.396438029,112926,19.568506240844727
747,-16913311.709011186,-13546821.248021228,113052,19.58916974067688
748,-16913311.709011186,-13546821.248021228,113178,19.60981583595276
749,-16913311.709011186,-13546821.248021228,113304,19.630798816680908
750,-16913311.709011186,-13546821.248021228,113430,19.651569843292236
751,-16913311.709011186,-13597395.312279295,113556,19.672747135162354
752,-16913311.709011186,-13597395.312279295,113682,19.693199157714844
753,-16913311.709011186,-13597395.312279295,113808,19.714059591293335
754,-16913311.709011186,-13635760.127419282,113934,19.73497247695923
755,-16913311.709011186,-13635760.127419282,114060,19.755840301513672
756,-16913311.709011186,-13635760.127419282,114186,19.776594638824463
757,-16913311.709011186,-13635760.127419282,114312,19.797972440719604
758,-16913311.709011186,-13635760.127419282,114438,19.818633794784546
759,-16913311.709011186,-13635760.127419282,114564,19.840430974960327
760,-16913311.709011186,-13635760.127419282,114690,19.86115050315857
761,-16913311.709011186,-13635760.127419282,114816,19.881646633148193
762,-16913311.709011186,-13646223.959355738,114942,19.902556896209717
763,-16913311.709011186,-13646223.959355738,115068,19.92285966873169
764,-16913311.709011186,-13757371.183153626,115194,19.94352102279663
765,-16913311.709011186,-13757371.183153626,115320,19.96476411819458
766,-16913311.709011186,-13757371.183153626,115446,19.98548936843872
767,-16913311.709011186,-13787029.164602373,115572,20.006290197372437
768,-16913311.709011186,-13881375.638461657,115698,20.026930570602417
769,-16913311.709011186,-13890856.372438489,115821,20.046937704086304
770,-16913311.709011186,-13890856.372438489,115944,20.067387104034424
771,-16913311.709011186,-13890856.372438489,116067,20.087414741516113
772,-16913311.709011186,-13890856.372438489,116190,20.107450485229492
773,-16913311.709011186,-13931683.80322403,116313,20.12767243385315
774,-16913311.709011186,-13931683.80322403,116436,20.14730715751648
775,-16913311.709011186,-13931683.80322403,116559,20.167619228363037
776,-16913311.709011186,-13967886.60956732,116682,20.187971353530884
777,-16913311.709011186,-13967886.60956732,116805,20.20807695388794
778,-16913311.709011186,-13967886.60956732,116928,20.228149890899658
779,-16913311.709011186,-13967886.60956732,117051,20.248432159423828
780,-16913311.709011186,-13967886.60956732,117174,20.268988609313965
781,-16913311.709011186,-13967886.60956732,117297,20.289172172546387
782,-16913311.709011186,-13967886.60956732,117420,20.30924081802368
783,-16913311.709011186,-13967886.60956732,117543,20.329306602478027
784,-16913311.709011186,-13967886.60956732,117666,20.349050998687744
785,-16913311.709011186,-13967886.60956732,117789,20.369523763656616
786,-16913311.709011186,-13967886.60956732,117912,20.389236450195312
787,-16913311.709011186,-13967886.60956732,118035,20.409088134765625
788,-16913311.709011186,-13967886.60956732,118158,20.429587841033936
789,-16913311.709011186,-14106111.774924537,118281,20.449713945388794
790,-16913311.709011186,-14106111.774924537,118404,20.469733238220215
791,-16913311.709011186,-14106111.774924537,118527,20.490164756774902
792,-16913311.709011186,-14106111.774924537,118650,20.51020073890686
793,-16913311.709011186,-14106111.774924537,118773,20.530083894729614
794,-16913311.709011186,-14106111.774924537,118896,20.550084114074707
795,-16913311.709011186,-14106111.774924537,119019,20.57004141807556
796,-16913311.709011186,-14106111.774924537,119142,20.590153217315674
797,-16913311.709011186,-14106111.774924537,119265,20.610300302505493
798,-16913311.709011186,-14106111.774924537,119388,20.630577087402344
799,-16913311.709011186,-14106111.774924537,119511,20.650630474090576
800,-16913311.709011186,-14106111.774924537,119634,20.67142963409424
801,-16913311.709011186,-14106111.774924537,119757,20.69137978553772
802,-16913311.709011186,-14106111.774924537,119880,20.71184539794922
803,-16913311.709011186,-14106111.774924537,120003,20.731783866882324
804,-16913311.709011186,-14106111.774924537,120126,20.7522075176239
805,-16913311.709011186,-14106111.774924537,120249,20.77293109893799
806,-16913311.709011186,-14106111.774924537,120372,20.792715549468994
807,-16913311.709011186,-14106111.774924537,120495,20.812779903411865
808,-16913311.709011186,-14106111.774924537,120618,20.832831859588623
809,-16913311.709011186,-14106111.774924537,120741,20.85310459136963
810,-16913311.709011186,-14106111.774924537,120864,20.87320375442505
811,-16913311.709011186,-14106111.774924537,120987,20.893617868423462
812,-16913311.709011186,-14106111.774924537,121110,20.913398265838623
813,-16913311.709011186,-14106111.774924537,121233,20.933445930480957
814,-16913311.709011186,-14106111.774924537,121356,20.95352005958557
815,-16913311.709011186,-14106111.774924537,121479,20.97387385368347
816,-16913311.709011186,-14106111.774924537,121602,20.99382448196411
817,-16913311.709011186,-14106111.774924537,121725,21.013758897781372
818,-16913311.709011186,-14106111.774924537,121848,21.03440809249878
819,-16913311.709011186,-14210710.373620331,121971,21.05433750152588
820,-16913311.709011186,-14210710.373620331,122091,21.074434518814087
821,-16913311.709011186,-14210710.373620331,122211,21.09425663948059
822,-16913311.709011186,-14210710.373620331,122331,21.11400842666626
823,-16913311.709011186,-14210710.373620331,122451,21.13337802886963
824,-16913311.709011186,-14210710.373620331,122571,21.153095960617065
825,-16913311.709011186,-14210710.373620331,122691,21.17303442955017
826,-16913311.709011186,-14210710.373620331,122811,21.192545413970947
827,-16913311.709011186,-14210710.373620331,122931,21.211692571640015
828,-16913311.709011186,-14210710.373620331,123051,21.23153805732727
829,-16913311.709011186,-14210710.373620331,123171,21.251667022705078
830,-16913311.709011186,-14210710.373620331,123291,21.271381378173828
831,-16913311.709011186,-14210710.373620331,123411,21.29113459587097
832,-25097829.181242377,-14425501.503832018,123531,21.31078553199768
833,-25097829.181242377,-14425501.503832018,123651,21.330965042114258
834,-25097829.181242377,-14425501.503832018,123771,21.350382804870605
835,-25097829.181242377,-14470299.670388963,123891,21.370376348495483
836,-25097829.181242377,-14470299.670388963,124011,21.38992691040039
837,-25097829.181242377,-14470299.670388963,124131,21.40916919708252
838,-25097829.181242377,-14470299.670388963,124251,21.42868971824646
839,-25097829.181242377,-14735463.208909532,124371,21.44796395301819
840,-25097829.181242377,-14735463.208909532,124491,21.467708587646484
841,-25097829.181242377,-14735463.208909532,124611,21.487077951431274
842,-25097829.181242377,-14735463.208909532,124731,21.506895065307617
843,-25097829.181242377,-14758944.403907046,124851,21.526732444763184
844,-25097829.181242377,-14758944.403907046,124971,21.546387434005737
845,-25097829.181242377,-14758944.403907046,125091,21.56601595878601
846,-25097829.181242377,-14890207.246230328,125211,21.58601951599121
847,-25097829.181242377,-14890207.246230328,125331,21.605546712875366
848,-25097829.181242377,-14989519.825190842,125451,21.625561714172363
849,-25097829.181242377,-14989519.825190842,125571,21.645323753356934
850,-25097829.181242377,-14989519.825190842,125691,21.664981365203857
851,-25097829.181242377,-14989519.825190842,125811,21.684576272964478
852,-25097829.181242377,-14989519.825190842,125931,21.70433259010315
853,-25097829.181242377,-14989519.825190842,126051,21.72390055656433
854,-25097829.181242377,-15000785.665369084,126171,21.74349594116211
855,-25097829.181242377,-15007320.636067728,126291,21.763091564178467
856,-25097829.181242377,-15007320.636067728,126411,21.78289556503296
857,-25097829.181242377,-15007320.636067728,126531,21.802437782287598
858,-25097829.181242377,-15007320.636067728,126651,21.82360315322876
859,-25097829.181242377,-15007320.636067728,126771,21.843804836273193
860,-25097829.181242377,-15007320.636067728,126891,21.863232612609863
861,-25097829.181242377,-15007320.636067728,127011,21.88278317451477
862,-25097829.181242377,-15007320.636067728,127131,21.902373552322388
863,-25097829.181242377,-15072699.15088443,127251,21.922090768814087
864,-25097829.181242377,-15072699.15088443,127371,21.941597938537598
865,-25097829.181242377,-15072699.15088443,127491,21.96122932434082
866,-25097829.181242377,-15072699.15088443,127611,21.980879545211792
867,-25097829.181242377,-15106601.843213653,127731,22.000174283981323
868,-25097829.181242377,-15231624.383195132,127851,22.019726991653442
869,-25097829.181242377,-15360729.604476612,127971,22.039210319519043
870,-25097829.181242377,-15360729.604476612,128091,22.058470010757446
871,-25097829.181242377,-15466052.398919791,128211,22.07838726043701
872,-25097829.181242377,-15466052.398919791,128328,22.097370147705078
873,-25097829.181242377,-15466052.398919791,128445,22.11613154411316
874,-25097829.181242377,-15466052.398919791,128562,22.134897232055664
875,-25097829.181242377,-15466052.398919791,128679,22.15382170677185
876,-25097829.181242377,-15466052.398919791,128796,22.17259430885315
877,-25097829.181242377,-15561623.096682757,128913,22.191486835479736
878,-25097829.181242377,-15764980.053679366,129030,22.210793018341064
879,-25097829.181242377,-15991810.92626881,129147,22.22957468032837
880,-25097829.181242377,-16075349.430286322,129264,22.24864959716797
881,-25097829.181242377,-16075349.430286322,129381,22.267699480056763
882,-25097829.181242377,-16075349.430286322,129498,22.28652548789978
883,-25097829.181242377,-16339595.839430677,129615,22.305402517318726
884,-25097829.181242377,-16339595.839430677,129732,22.324515342712402
885,-25097829.181242377,-16339595.839430677,129849,22.343108415603638
886,-25097829.181242377,-16344794.981498977,129966,22.362398386001587
887,-25097829.181242377,-16344794.981498977,130083,22.381327152252197
888,-25097829.181242377,-16463284.562396802,130200,22.40059185028076
889,-25097829.181242377,-16516047.229673296,130317,22.420016527175903
890,-25097829.181242377,-16516047.229673296,130434,22.439094305038452
891,-25097829.181242377,-16516047.229673296,130551,22.457796096801758
892,-25097829.181242377,-16644437.808946744,130668,22.47730016708374
893,-25097829.181242377,-16644437.808946744,130785,22.49625873565674
894,-25097829.181242377,-16644437.808946744,130902,22.515355348587036
895,-25097829.181242377,-16784861.426906645,131019,22.534293174743652
896,-25097829.181242377,-16784861.426906645,131136,22.55322504043579
897,-25097829.181242377,-16878468.082732685,131253,22.571739435195923
898,-25097829.181242377,-16916865.845283348,131370,22.590787172317505
899,-25097829.181242377,-16916865.845283348,131487,22.609652042388916
900,-25097829.181242377,-17091578.365784075,131604,22.628845691680908
901,-25097829.181242377,-17132674.436782077,131721,22.647700786590576
902,-25097829.181242377,-17132674.436782077,131838,22.666456937789917
903,-25097829.181242377,-17143679.798355192,131955,22.68532681465149
904,-25097829.181242377,-17143679.798355192,132072,22.704514503479004
905,-25097829.181242377,-17143679.798355192,132189,22.723127603530884
906,-25097829.181242377,-17143679.798355192,132306,22.741933584213257
907,-25097829.181242377,-17211960.189698048,132423,22.761390924453735
908,-25097829.181242377,-17211960.189698048,132540,22.780075788497925
909,-25097829.181242377,-17211960.189698048,132657,22.79950499534607
910,-25097829.181242377,-17274523.77308043,132774,22.819759130477905
911,-25097829.181242377,-17274523.77308043,132891,22.83880352973938
912,-25097829.181242377,-17274523.77308043,133008,22.858287572860718
913,-25097829.181242377,-17551474.781851895,133125,22.8773832321167
914,-25097829.181242377,-17610071.890889604,133242,22.896408319473267
915,-25097829.181242377,-17610071.890889604,133359,22.915444135665894
916,-25097829.181242377,-17610071.890889604,133476,22.934035301208496
917,-31708022.152024776,-18006043.78574585,133593,22.952985525131226
918,-31708022.152024776,-18006043.78574585,133710,22.972156524658203
919,-31708022.152024776,-18119335.28463656,133827,22.99132227897644
920,-31708022.152024776,-18119335.28463656,133944,23.01009964942932
921,-31708022.152024776,-18119335.28463656,134061,23.029258728027344
922,-31708022.152024776,-18176562.201939236,134178,23.048133373260498
923,-31708022.152024776,-18176562.201939236,134295,23.067102193832397
924,-31708022.152024776,-18316903.51076173,134412,23.0855655670166
925,-31708022.152024776,-18316903.51076173,134526,23.103652000427246
926,-31708022.152024776,-18316903.51076173,134640,23.12185764312744
927,-31708022.152024776,-18316903.51076173,134754,23.14039182662964
928,-31708022.152024776,-18331353.960293856,134868,23.15873694419861
929,-31708022.152024776,-18331353.960293856,134982,23.17728543281555
930,-31708022.152024776,-18331353.960293856,135096,23.195183038711548
931,-31708022.152024776,-18650073.519145034,135210,23.21401619911194
932,-31708022.152024776,-18650073.519145034,135324,23.232351779937744
933,-31708022.152024776,-18650073.519145034,135438,23.250826358795166
934,-31708022.152024776,-18650073.519145034,135552,23.269296884536743
935,-31708022.152024776,-18701468.36726076,135666,23.287936210632324
936,-31708022.152024776,-18701468.36726076,135780,23.306275844573975
937,-31708022.152024776,-18885616.817927923,135894,23.324467658996582
938,-31708022.152024776,-18885616.817927923,136008,23.342560529708862
939,-31708022.152024776,-18885616.817927923,136122,23.361279010772705
940,-31708022.152024776,-18893848.991530064,136236,23.37952947616577
941,-31708022.152024776,-18900396.43668488,136350,23.397869348526
942,-31708022.152024776,-18900396.43668488,136464,23.416446208953857
943,-31708022.152024776,-18900396.43668488,136578,23.434566974639893
944,-31708022.152024776,-18900396.43668488,136692,23.452842712402344
945,-31708022.152024776,-18900396.43668488,136806,23.471234798431396
946,-31708022.152024776,-18900396.43668488,136920,23.48961114883423
947,-31708022.152024776,-18900396.43668488,137034,23.508585453033447
948,-31708022.152024776,-18900396.43668488,137148,23.52652072906494
949,-31708022.152024776,-19045246.478193842,137262,23.54488468170166
950,-31708022.152024776,-19045246.478193842,137376,23.563189029693604
951,-31708022.152024776,-19045246.478193842,137490,23.58148455619812
952,-31708022.152024776,-19045246.478193842,137604,23.599663734436035
953,-31708022.152024776,-19073146.23312823,137718,23.6180899143219
954,-31708022.152024776,-19073146.23312823,137832,23.636646270751953
955,-31708022.152024776,-19085646.06046786,137946,23.654962062835693
956,-31708022.152024776,-19085646.06046786,138060,23.673903465270996
957,-31708022.152024776,-19085646.06046786,138174,23.692708015441895
958,-31708022.152024776,-19113759.47683832,138288,23.711027145385742
959,-31708022.152024776,-19160839.06277734,138402,23.72939133644104
960,-31708022.152024776,-19240700.214914255,138516,23.747788190841675
961,-31708022.152024776,-19240700.214914255,138630,23.76600193977356
962,-31708022.152024776,-19338611.79898432,138744,23.78443670272827
963,-31708022.152024776,-19613621.628708143,138858,23.803198099136353
964,-31708022.152024776,-19613621.628708143,138972,23.82145881652832
965,-31708022.152024776,-19613621.628708143,139086,23.84037137031555
966,-31708022.152024776,-19613621.628708143,139200,23.858890295028687
967,-31708022.152024776,-19613621.628708143,139314,23.877351999282837
968,-31708022.152024776,-19613621.628708143,139428,23.895726442337036
969,-31708022.152024776,-19613621.628708143,139542,23.914197206497192
970,-31708022.152024776,-19613621.628708143,139656,23.9325852394104
971,-31708022.152024776,-19613621.628708143,139770,23.95108699798584
972,-31708022.152024776,-19613621.628708143,139884,23.96959090232849
973,-31708022.152024776,-19613621.628708143,139998,23.98778510093689
974,-31708022.152024776,-19613621.628708143,140112,24.00609564781189
975,-31708022.152024776,-19613621.628708143,140226,24.02476191520691
976,-31708022.152024776,-19634294.21906321,140340,24.04291820526123
977,-31708022.152024776,-19698644.95754389,140454,24.061190366744995
978,-31708022.152024776,-19698644.95754389,140568,24.07937741279602
979,-31708022.152024776,-19840131.37491387,140682,24.09745740890503
980,-31708022.152024776,-19840131.37491387,140793,24.11587429046631
981,-31708022.152024776,-19840131.37491387,140904,24.133557319641113
982,-31708022.152024776,-19840131.37491387,141015,24.15128755569458
983,-31708022.152024776,-19840131.37491387,141126,24.16921830177307
984,-31708022.152024776,-19840131.37491387,141237,24.18726086616516
985,-31708022.152024776,-19840131.37491387,141348,24.205645322799683
986,-31708022.152024776,-19840131.37491387,141459,24.22316288948059
987,-31708022.152024776,-19965060.14233668,141570,24.241032123565674
988,-31708022.152024776,-19965060.14233668,141681,24.258721351623535
989,-31708022.152024776,-19965060.14233668,141792,24.276774168014526
990,-31708022.152024776,-19965060.14233668,141903,24.294183492660522
991,-31708022.152024776,-19965060.14233668,142014,24.311687469482422
992,-31708022.152024776,-19965060.14233668,142125,24.32930326461792
993,-31708022.152024776,-19965060.14233668,142236,24.347309112548828
994,-31708022.152024776,-19965060.14233668,142347,24.36511468887329
995,-31708022.152024776,-19965060.14233668,142458,24.383105278015137
996,-31708022.152024776,-19965060.14233668,142569,24.400854349136353
997,-31708022.152024776,-19965060.14233668,142680,24.418473720550537
998,-31708022.152024776,-19996742.065042242,142791,24.43674635887146
999,-31708022.152024776,-19996742.065042242,142902,24.454549551010132
