gen,best_fitness,mean_fitness,evals,time_sec
0,2.5098241675238384,68.82446586826548,60,0.0018579959869384766
1,0.0,3.170488720742356,128,0.005560874938964844
2,0.0,2.570904238474166,253,0.015871524810791016
3,0.0,1.4899556358729051,272,0.017521142959594727
4,0.0,1.0002859325009068,292,0.019019126892089844
5,0.0,0.7329301789233983,311,0.0204317569732666
6,0.0,0.4347527615688007,329,0.02204298973083496
7,0.0,0.2679124811189487,347,0.023481130599975586
8,0.0,0.2679124811189487,366,0.02495431900024414
9,0.0,0.1966449010158855,384,0.02644205093383789
10,0.0,0.155038563004931,404,0.02794480323791504
11,0.0,0.12103008016222076,424,0.029639482498168945
12,0.0,0.08700991730691762,443,0.03103160858154297
13,0.0,0.08700991730691762,457,0.03231620788574219
14,0.0,0.08700991730691762,475,0.03377723693847656
15,0.0,0.08700991730691762,494,0.03532671928405762
16,0.0,0.08648587400930066,513,0.03691434860229492
17,0.0,0.08648587400930066,531,0.038427114486694336
18,0.0,0.08648587400930066,544,0.03962111473083496
19,0.0,0.0844227449920043,563,0.04117131233215332
20,0.0,0.0844227449920043,689,0.05004143714904785
21,0.0,0.0844227449920043,707,0.05135822296142578
22,0.0,0.0844227449920043,725,0.05268144607543945
23,0.0,0.0844227449920043,739,0.05383944511413574
24,0.0,0.0844227449920043,757,0.055179595947265625
25,0.0,0.0844227449920043,771,0.056366920471191406
26,0.0,0.08245056159534257,789,0.05789375305175781
27,0.0,0.08245056159534257,807,0.05930948257446289
28,0.0,0.08245056159534257,821,0.060419559478759766
29,0.0,0.08245056159534257,839,0.061774253845214844
30,0.0,0.08245056159534257,857,0.06318306922912598
31,0.0,0.08245056159534257,875,0.06463408470153809
32,0.0,0.08245056159534257,893,0.06600403785705566
33,0.0,0.08245056159534257,911,0.06746029853820801
34,0.0,0.08245056159534257,929,0.0688328742980957
35,0.0,0.08245056159534257,947,0.07016849517822266
36,0.0,0.08245056159534257,1073,0.0794975757598877
37,0.0,0.08245056159534257,1086,0.08059477806091309
38,0.0,0.08245056159534257,1099,0.08171606063842773
39,0.0,0.08245056159534257,1112,0.08267974853515625
40,0.0,0.08245056159534257,1126,0.0838468074798584
41,0.0,0.08245056159534257,1140,0.0850367546081543
42,0.0,0.08245056159534257,1154,0.0861978530883789
43,0.0,0.08245056159534257,1168,0.08734512329101562
44,0.0,0.07935140073247293,1182,0.08856844902038574
45,0.0,0.07935140073247293,1196,0.0898585319519043
46,0.0,0.07935140073247293,1215,0.09122943878173828
47,0.0,0.07935140073247293,1234,0.09263992309570312
48,0.0,0.07935140073247293,1248,0.0938565731048584
49,0.0,0.07218383181313918,1376,0.10279512405395508
50,0.0,0.07218383181313918,1388,0.1038210391998291
51,0.0,0.07218383181313918,1401,0.10493803024291992
52,0.0,0.07218383181313918,1414,0.1061258316040039
53,0.0,0.07218383181313918,1426,0.10721278190612793
54,0.0,0.07218383181313918,1438,0.1082766056060791
55,0.0,0.07218383181313918,1451,0.10941100120544434
56,0.0,0.07218383181313918,1464,0.11048150062561035
57,0.0,0.07218383181313918,1477,0.11158370971679688
58,0.0,0.07218383181313918,1491,0.11279821395874023
59,0.0,0.07218383181313918,1616,0.12163043022155762
60,0.0,0.06455365722106034,1629,0.12276887893676758
61,0.0,0.06455365722106034,1642,0.12389230728149414
62,0.0,0.06455365722106034,1655,0.12503361701965332
63,0.0,0.06455365722106034,1667,0.12607836723327637
64,0.0,0.06455365722106034,1680,0.1272716522216797
65,0.0,0.06455365722106034,1693,0.1283578872680664
66,0.0,0.06455365722106034,1706,0.12974882125854492
67,0.0,0.06455365722106034,1719,0.1314859390258789
68,0.0,0.06455365722106034,1732,0.1327509880065918
69,0.0,0.06455365722106034,1746,0.13430547714233398
70,0.0,0.06455365722106034,1872,0.14322543144226074
71,0.0,0.06455365722106034,1884,0.14421987533569336
72,0.0,0.06455365722106034,1897,0.14534616470336914
73,0.0,0.06455365722106034,1910,0.14648222923278809
74,0.0,0.06455365722106034,1923,0.14768576622009277
75,0.0,0.06455365722106034,1936,0.14887475967407227
76,0.0,0.06455365722106034,1949,0.15006804466247559
77,0.0,0.06455365722106034,1962,0.1511247158050537
78,0.0,0.06455365722106034,1975,0.15224742889404297
79,0.0,0.06205471016023031,1988,0.1533358097076416
80,0.0,0.053607717023743104,2114,0.16219329833984375
81,0.0,0.053607717023743104,2128,0.16334176063537598
82,0.0,0.053607717023743104,2141,0.16430950164794922
83,0.0,0.053607717023743104,2155,0.16542410850524902
84,0.0,0.053607717023743104,2169,0.16659092903137207
85,0.0,0.053607717023743104,2183,0.1677699089050293
86,0.0,0.053607717023743104,2197,0.16892695426940918
87,0.0,0.053607717023743104,2211,0.17004799842834473
88,0.0,0.053607717023743104,2225,0.1712040901184082
89,0.0,0.053607717023743104,2239,0.17237067222595215
90,0.0,0.053607717023743104,2253,0.17347145080566406
91,0.0,0.053607717023743104,2267,0.17455291748046875
92,0.0,0.053607717023743104,2281,0.17567753791809082
93,0.0,0.053607717023743104,2407,0.18448781967163086
94,0.0,0.053607717023743104,2421,0.1856520175933838
95,0.0,0.053607717023743104,2435,0.1868913173675537
96,0.0,0.053607717023743104,2448,0.1880040168762207
97,0.0,0.053607717023743104,2462,0.18933463096618652
98,0.0,0.04899968906735526,2476,0.19046592712402344
99,0.0,0.04706094984566722,2490,0.19187355041503906
100,0.0,0.04706094984566722,2504,0.19298338890075684
101,0.0,0.04706094984566722,2518,0.1940920352935791
102,0.0,0.04706094984566722,2531,0.1951770782470703
103,0.0,0.04706094984566722,2545,0.19663095474243164
104,0.0,0.04706094984566722,2559,0.19781899452209473
105,0.0,0.04706094984566722,2687,0.2067403793334961
106,0.0,0.04706094984566722,2701,0.2080247402191162
107,0.0,0.04706094984566722,2715,0.20918774604797363
108,0.0,0.04706094984566722,2729,0.2104043960571289
109,0.0,0.04706094984566722,2743,0.21175742149353027
110,0.0,0.04706094984566722,2757,0.21292829513549805
111,0.0,0.04706094984566722,2771,0.21404433250427246
112,0.0,0.04706094984566722,2785,0.2152113914489746
113,0.0,0.04706094984566722,2798,0.2163689136505127
114,0.0,0.04706094984566722,2812,0.2175593376159668
115,0.0,0.04706094984566722,2826,0.21876740455627441
116,0.0,0.04706094984566722,2840,0.21989917755126953
117,0.0,0.04706094984566722,2854,0.22113847732543945
118,0.0,0.04706094984566722,2982,0.23002099990844727
119,0.0,0.04706094984566722,2995,0.2310473918914795
120,0.0,0.04706094984566722,3008,0.2321453094482422
121,0.0,0.04706094984566722,3021,0.2332751750946045
122,0.0,0.04706094984566722,3034,0.23433685302734375
123,0.0,0.04706094984566722,3047,0.2354264259338379
124,0.0,0.04706094984566722,3061,0.23677754402160645
125,0.0,0.04706094984566722,3075,0.2379772663116455
126,0.0,0.04706094984566722,3089,0.23914337158203125
127,0.0,0.046736161748945966,3103,0.24031591415405273
128,0.0,0.046736161748945966,3117,0.24143409729003906
129,0.0,0.046736161748945966,3131,0.24257421493530273
130,0.0,0.046736161748945966,3259,0.25133490562438965
131,0.0,0.046736161748945966,3272,0.2525215148925781
132,0.0,0.046736161748945966,3285,0.2536306381225586
133,0.0,0.046736161748945966,3298,0.2547624111175537
134,0.0,0.046736161748945966,3311,0.25586795806884766
135,0.0,0.046736161748945966,3324,0.2570466995239258
136,0.0,0.046736161748945966,3337,0.25811195373535156
137,0.0,0.046736161748945966,3350,0.25914573669433594
138,0.0,0.046736161748945966,3363,0.26059794425964355
139,0.0,0.046736161748945966,3376,0.2619023323059082
140,0.0,0.046736161748945966,3390,0.2630805969238281
141,0.0,0.046736161748945966,3518,0.2721598148345947
142,0.0,0.046736161748945966,3531,0.2733137607574463
143,0.0,0.046736161748945966,3544,0.274446964263916
144,0.0,0.046736161748945966,3557,0.27556562423706055
145,0.0,0.046736161748945966,3570,0.2767493724822998
146,0.0,0.046736161748945966,3583,0.27785778045654297
147,0.0,0.046736161748945966,3596,0.2790181636810303
148,0.0,0.046736161748945966,3609,0.2801532745361328
149,0.0,0.046736161748945966,3622,0.2813284397125244
150,0.0,0.046736161748945966,3634,0.28241395950317383
151,0.0,0.046736161748945966,3762,0.2913942337036133
152,0.0,0.046736161748945966,3775,0.29248929023742676
153,0.0,0.046736161748945966,3788,0.2936265468597412
154,0.0,0.046736161748945966,3801,0.2948002815246582
155,0.0,0.046736161748945966,3814,0.29606080055236816
156,0.0,0.046736161748945966,3827,0.297194242477417
157,0.0,0.046736161748945966,3840,0.2983543872833252
158,0.0,0.046736161748945966,3853,0.2994570732116699
159,0.0,0.046736161748945966,3866,0.3005557060241699
160,0.0,0.046736161748945966,3879,0.3017594814300537
161,0.0,0.046736161748945966,3892,0.30283045768737793
162,0.0,0.043153437191862695,4020,0.3117809295654297
163,0.0,0.043153437191862695,4033,0.312824010848999
164,0.0,0.043153437191862695,4046,0.313840389251709
165,0.0,0.043153437191862695,4060,0.3149449825286865
166,0.0,0.043153437191862695,4074,0.3162658214569092
167,0.0,0.043153437191862695,4088,0.3174593448638916
168,0.0,0.043153437191862695,4102,0.3186502456665039
169,0.0,0.043153437191862695,4115,0.3198270797729492
170,0.0,0.043153437191862695,4129,0.32100868225097656
171,0.0,0.043153437191862695,4143,0.3221449851989746
172,0.0,0.043153437191862695,4157,0.32334280014038086
173,0.0,0.043153437191862695,4171,0.3246316909790039
174,0.0,0.043153437191862695,4300,0.3337063789367676
175,0.0,0.043153437191862695,4313,0.3348081111907959
176,0.0,0.043153437191862695,4326,0.3359079360961914
177,0.0,0.043153437191862695,4340,0.3370652198791504
178,0.0,0.043153437191862695,4354,0.3382601737976074
179,0.0,0.043153437191862695,4368,0.3394351005554199
180,0.0,0.043153437191862695,4381,0.3405318260192871
181,0.0,0.043153437191862695,4394,0.34163331985473633
182,0.0,0.043153437191862695,4407,0.34275007247924805
183,0.0,0.043153437191862695,4421,0.34401726722717285
184,0.0,0.043153437191862695,4435,0.34526586532592773
185,0.0,0.043153437191862695,4449,0.34642958641052246
186,0.0,0.043153437191862695,4578,0.3557932376861572
187,0.0,0.043153437191862695,4592,0.35709500312805176
188,0.0,0.043153437191862695,4606,0.3582618236541748
189,0.0,0.043153437191862695,4619,0.35928893089294434
190,0.0,0.043153437191862695,4633,0.3605971336364746
191,0.0,0.043153437191862695,4647,0.36176109313964844
192,0.0,0.043153437191862695,4660,0.36287856101989746
193,0.0,0.043153437191862695,4674,0.36414289474487305
194,0.0,0.043153437191862695,4688,0.3654661178588867
195,0.0,0.043153437191862695,4702,0.36673498153686523
196,0.0,0.043153437191862695,4716,0.36798763275146484
197,0.0,0.043153437191862695,4730,0.36942028999328613
198,0.0,0.043153437191862695,4859,0.3786356449127197
199,0.0,0.043153437191862695,4867,0.37949371337890625
200,0.0,0.043153437191862695,4875,0.3802809715270996
201,0.0,0.043153437191862695,4887,0.3813045024871826
202,0.0,0.043153437191862695,4899,0.3823521137237549
203,0.0,0.043153437191862695,4911,0.38339734077453613
204,0.0,0.043153437191862695,4924,0.3845548629760742
205,0.0,0.043153437191862695,4938,0.38594603538513184
206,0.0,0.043153437191862695,4952,0.3871490955352783
207,0.0,0.043153437191862695,4966,0.3883628845214844
208,0.0,0.043153437191862695,4984,0.3898649215698242
209,0.0,0.043153437191862695,5113,0.3989827632904053
210,0.0,0.043153437191862695,5121,0.3998229503631592
211,0.0,0.043153437191862695,5129,0.40066075325012207
212,0.0,0.043153437191862695,5137,0.40149903297424316
213,0.0,0.043153437191862695,5149,0.4026200771331787
214,0.0,0.043153437191862695,5161,0.40369081497192383
215,0.0,0.043153437191862695,5173,0.40472960472106934
216,0.0,0.043153437191862695,5185,0.40577268600463867
217,0.0,0.043153437191862695,5198,0.4069550037384033
218,0.0,0.043153437191862695,5327,0.41634345054626465
219,0.0,0.043153437191862695,5335,0.41739606857299805
220,0.0,0.043153437191862695,5343,0.4183220863342285
221,0.0,0.043153437191862695,5355,0.4194362163543701
222,0.0,0.043153437191862695,5363,0.42035531997680664
223,0.0,0.043153437191862695,5371,0.4212501049041748
224,0.0,0.043153437191862695,5379,0.4221036434173584
225,0.0,0.043153437191862695,5391,0.4231879711151123
226,0.0,0.043153437191862695,5404,0.42438268661499023
227,0.0,0.032085063398108654,5533,0.4337882995605469
228,0.0,0.032085063398108654,5541,0.43468618392944336
229,0.0,0.032085063398108654,5549,0.43561458587646484
230,0.0,0.032085063398108654,5557,0.4364655017852783
231,0.0,0.032085063398108654,5569,0.43754148483276367
232,0.0,0.032085063398108654,5581,0.43862271308898926
233,0.0,0.032085063398108654,5589,0.43942713737487793
234,0.0,0.032085063398108654,5601,0.440645694732666
235,0.0,0.032085063398108654,5609,0.44147562980651855
236,0.0,0.032085063398108654,5732,0.4502859115600586
237,0.0,0.032085063398108654,5744,0.4513723850250244
238,0.0,0.032085063398108654,5752,0.45224952697753906
239,0.0,0.032085063398108654,5764,0.4532599449157715
240,0.0,0.032085063398108654,5776,0.45435285568237305
241,0.0,0.032085063398108654,5788,0.45536327362060547
242,0.0,0.032085063398108654,5796,0.456162691116333
243,0.0,0.032085063398108654,5808,0.45718836784362793
244,0.0,0.032085063398108654,5816,0.4580361843109131
245,0.0,0.03121034030731122,5939,0.466785192489624
246,0.0,0.03121034030731122,5947,0.4676177501678467
247,0.0,0.03121034030731122,5959,0.4686398506164551
248,0.0,0.03121034030731122,5971,0.46970629692077637
249,0.0,0.03121034030731122,5979,0.4705841541290283
250,0.0,0.03121034030731122,5987,0.4714982509613037
251,0.0,0.03121034030731122,5995,0.47237133979797363
252,0.0,0.03121034030731122,6003,0.47322845458984375
253,0.0,0.03121034030731122,6016,0.47426271438598633
254,0.0,0.030840798523164663,6037,0.47589802742004395
255,0.0,0.030840798523164663,6161,0.4846189022064209
256,0.0,0.030840798523164663,6174,0.4857494831085205
257,0.0,0.030840798523164663,6187,0.48685431480407715
258,0.0,0.030840798523164663,6200,0.48793864250183105
259,0.0,0.030840798523164663,6213,0.4890594482421875
260,0.0,0.030840798523164663,6226,0.49018335342407227
261,0.0,0.030840798523164663,6239,0.49127197265625
262,0.0,0.030840798523164663,6252,0.49236130714416504
263,0.0,0.030840798523164663,6265,0.4934670925140381
264,0.0,0.030840798523164663,6278,0.49459409713745117
265,0.0,0.030840798523164663,6292,0.49562954902648926
266,0.0,0.030840798523164663,6416,0.5045149326324463
267,0.0,0.030840798523164663,6429,0.5058600902557373
268,0.0,0.030840798523164663,6442,0.5069694519042969
269,0.0,0.030840798523164663,6455,0.5079965591430664
270,0.0,0.030840798523164663,6467,0.5090770721435547
271,0.0,0.030840798523164663,6480,0.5101833343505859
272,0.0,0.030840798523164663,6493,0.5112783908843994
273,0.0,0.030840798523164663,6506,0.5123963356018066
274,0.0,0.030840798523164663,6519,0.51348876953125
275,0.0,0.030840798523164663,6532,0.5145998001098633
276,0.0,0.030840798523164663,6552,0.5159564018249512
277,0.0,0.030840798523164663,6676,0.5249912738800049
278,0.0,0.030840798523164663,6689,0.5261433124542236
279,0.0,0.030840798523164663,6702,0.5272221565246582
280,0.0,0.030840798523164663,6715,0.5283057689666748
281,0.0,0.030840798523164663,6728,0.5293900966644287
282,0.0,0.030840798523164663,6741,0.5305142402648926
283,0.0,0.030840798523164663,6754,0.5316128730773926
284,0.0,0.030840798523164663,6767,0.532663106918335
285,0.0,0.030840798523164663,6780,0.5338037014007568
286,0.0,0.030840798523164663,6793,0.5348846912384033
287,0.0,0.030840798523164663,6807,0.5360467433929443
288,0.0,0.030840798523164663,6931,0.5448131561279297
289,0.0,0.030840798523164663,6944,0.5459644794464111
290,0.0,0.030840798523164663,6957,0.5471525192260742
291,0.0,0.030840798523164663,6970,0.5483574867248535
292,0.0,0.030840798523164663,6983,0.5496833324432373
293,0.0,0.030840798523164663,6996,0.5508766174316406
294,0.0,0.030840798523164663,7009,0.5519607067108154
295,0.0,0.030840798523164663,7022,0.5530402660369873
296,0.0,0.030840798523164663,7035,0.5541539192199707
297,0.0,0.030840798523164663,7048,0.555274248123169
298,0.0,0.030840798523164663,7069,0.5573935508728027
299,0.0,0.027567787022747637,7195,0.5672354698181152
300,0.0,0.027567787022747637,7208,0.5685160160064697
301,0.0,0.027567787022747637,7221,0.569746732711792
302,0.0,0.027567787022747637,7234,0.5713095664978027
303,0.0,0.027567787022747637,7248,0.5728898048400879
304,0.0,0.027567787022747637,7262,0.5745570659637451
305,0.0,0.027567787022747637,7276,0.5757739543914795
306,0.0,0.027567787022747637,7290,0.5772931575775146
307,0.0,0.027567787022747637,7304,0.578624963760376
308,0.0,0.027567787022747637,7318,0.580327033996582
309,0.0,0.027567787022747637,7332,0.5819566249847412
310,0.0,0.027567787022747637,7346,0.5833587646484375
311,0.0,0.027567787022747637,7365,0.585315465927124
312,0.0,0.027567787022747637,7491,0.596376895904541
313,0.0,0.027567787022747637,7504,0.5978949069976807
314,0.0,0.027567787022747637,7517,0.5991652011871338
315,0.0,0.027567787022747637,7530,0.6008388996124268
316,0.0,0.027567787022747637,7543,0.6027662754058838
317,0.0,0.027567787022747637,7556,0.6043291091918945
318,0.0,0.027567787022747637,7569,0.6056654453277588
319,0.0,0.027567787022747637,7582,0.6074228286743164
320,0.0,0.027567787022747637,7595,0.608759880065918
321,0.0,0.027567787022747637,7608,0.6099295616149902
322,0.0,0.027567787022747637,7627,0.6117775440216064
323,0.0,0.027567787022747637,7753,0.6226599216461182
324,0.0,0.027567787022747637,7766,0.6243729591369629
325,0.0,0.027567787022747637,7778,0.6254496574401855
326,0.0,0.027567787022747637,7791,0.6266865730285645
327,0.0,0.027567787022747637,7804,0.628284215927124
328,0.0,0.027567787022747637,7817,0.6296608448028564
329,0.0,0.027567787022747637,7830,0.631223201751709
330,0.0,0.027567787022747637,7843,0.6327400207519531
331,0.0,0.027567787022747637,7856,0.6342940330505371
332,0.0,0.027567787022747637,7868,0.6356706619262695
333,0.0,0.027567787022747637,7994,0.6464705467224121
334,0.0,0.027567787022747637,8006,0.6475925445556641
335,0.0,0.027567787022747637,8018,0.6488234996795654
336,0.0,0.027567787022747637,8031,0.6501634120941162
337,0.0,0.027567787022747637,8044,0.6513848304748535
338,0.0,0.027567787022747637,8056,0.6527688503265381
339,0.0,0.027567787022747637,8069,0.6538441181182861
340,0.0,0.027567787022747637,8082,0.6549341678619385
341,0.0,0.027567787022747637,8095,0.6563093662261963
342,0.0,0.027567787022747637,8108,0.6573760509490967
343,0.0,0.027567787022747637,8234,0.6699604988098145
344,0.0,0.027567787022747637,8246,0.6711299419403076
345,0.0,0.027567787022747637,8254,0.6719105243682861
346,0.0,0.027567787022747637,8266,0.6729292869567871
347,0.0,0.027567787022747637,8278,0.6743066310882568
348,0.0,0.027567787022747637,8290,0.6754577159881592
349,0.0,0.027567787022747637,8303,0.6770279407501221
350,0.0,0.027567787022747637,8316,0.6781682968139648
351,0.0,0.027567787022747637,8329,0.6792864799499512
352,0.0,0.027567787022747637,8342,0.6805229187011719
353,0.0,0.027567787022747637,8468,0.6915690898895264
354,0.0,0.027567787022747637,8480,0.692854642868042
355,0.0,0.027567787022747637,8488,0.6937191486358643
356,0.0,0.027567787022747637,8500,0.6948611736297607
357,0.0,0.027567787022747637,8512,0.6964077949523926
358,0.0,0.027567787022747637,8520,0.6972928047180176
359,0.0,0.027567787022747637,8532,0.6983988285064697
360,0.0,0.027567787022747637,8545,0.6995656490325928
361,0.0,0.027567787022747637,8558,0.7007591724395752
362,0.0,0.027567787022747637,8684,0.7096037864685059
363,0.0,0.027567787022747637,8696,0.7107229232788086
364,0.0,0.027567787022747637,8708,0.7120187282562256
365,0.0,0.027567787022747637,8720,0.7131304740905762
366,0.0,0.027567787022747637,8732,0.7144575119018555
367,0.0,0.027567787022747637,8740,0.7153298854827881
368,0.0,0.027567787022747637,8752,0.7167596817016602
369,0.0,0.027567787022747637,8764,0.7181301116943359
370,0.0,0.027567787022747637,8777,0.7194533348083496
371,0.0,0.027567787022747637,8903,0.7319812774658203
372,0.0,0.027567787022747637,8915,0.7331333160400391
373,0.0,0.027567787022747637,8927,0.7347347736358643
374,0.0,0.027567787022747637,8939,0.7360799312591553
375,0.0,0.027567787022747637,8951,0.7405335903167725
376,0.0,0.027567787022747637,8959,0.7417962551116943
377,0.0,0.027567787022747637,8967,0.7432851791381836
378,0.0,0.027567787022747637,8979,0.7449219226837158
379,0.0,0.027567787022747637,8991,0.7467849254608154
380,0.0,0.027567787022747637,9117,0.7592744827270508
381,0.0,0.027567787022747637,9129,0.7610223293304443
382,0.0,0.027567787022747637,9141,0.762639045715332
383,0.0,0.027567787022747637,9153,0.7657516002655029
384,0.0,0.027567787022747637,9165,0.7675418853759766
385,0.0,0.027567787022747637,9173,0.7683568000793457
386,0.0,0.027567787022747637,9185,0.7696254253387451
387,0.0,0.027567787022747637,9197,0.7709007263183594
388,0.0,0.027567787022747637,9205,0.7723743915557861
389,0.0,0.027567787022747637,9331,0.7850923538208008
390,0.0,0.027567787022747637,9339,0.786505937576294
391,0.0,0.027567787022747637,9351,0.7876009941101074
392,0.0,0.027567787022747637,9363,0.7886621952056885
393,0.0,0.027567787022747637,9371,0.789574146270752
394,0.0,0.027567787022747637,9383,0.7908017635345459
395,0.0,0.027567787022747637,9391,0.7918701171875
396,0.0,0.027567787022747637,9399,0.7927789688110352
397,0.0,0.027567787022747637,9407,0.7937936782836914
398,0.0,0.027567787022747637,9533,0.8030219078063965
399,0.0,0.027567787022747637,9541,0.8038463592529297
400,0.0,0.027567787022747637,9553,0.8048791885375977
401,0.0,0.027567787022747637,9565,0.8060038089752197
402,0.0,0.027567787022747637,9577,0.8071169853210449
403,0.0,0.027567787022747637,9589,0.8081915378570557
404,0.0,0.027567787022747637,9601,0.8094046115875244
405,0.0,0.027567787022747637,9609,0.8105995655059814
406,0.0,0.027567787022747637,9621,0.8117077350616455
407,0.0,0.027567787022747637,9747,0.8224887847900391
408,0.0,0.027567787022747637,9755,0.8236358165740967
409,0.0,0.027567787022747637,9767,0.8248672485351562
410,0.0,0.027567787022747637,9775,0.8257761001586914
411,0.0,0.027567787022747637,9783,0.8266134262084961
412,0.0,0.027567787022747637,9795,0.8276774883270264
413,0.0,0.027567787022747637,9805,0.828636884689331
414,0.0,0.027567787022747637,9817,0.8296687602996826
415,0.0,0.027567787022747637,9829,0.830822229385376
416,0.0,0.027567787022747637,9955,0.8398323059082031
417,0.0,0.027567787022747637,9963,0.8406836986541748
418,0.0,0.027567787022747637,9975,0.841763973236084
419,0.0,0.027567787022747637,9983,0.8426213264465332
420,0.0,0.027567787022747637,9991,0.8434913158416748
421,0.0,0.027567787022747637,9999,0.8443081378936768
422,0.0,0.027567787022747637,10011,0.8456175327301025
423,0.0,0.027567787022747637,10023,0.8466579914093018
424,0.0,0.027567787022747637,10035,0.8477258682250977
425,0.0,0.027567787022747637,10161,0.8566811084747314
426,0.0,0.027567787022747637,10169,0.8575761318206787
427,0.0,0.027567787022747637,10177,0.8584482669830322
428,0.0,0.027567787022747637,10189,0.8595595359802246
429,0.0,0.027567787022747637,10201,0.8605833053588867
430,0.0,0.027567787022747637,10209,0.8614053726196289
431,0.0,0.027567787022747637,10217,0.8624625205993652
432,0.0,0.014161957119492802,10229,0.8635637760162354
433,0.0,0.014161957119492802,10242,0.8647136688232422
434,0.0,0.014161957119492802,10261,0.8662917613983154
435,0.0,0.014161957119492802,10384,0.8760359287261963
436,0.0,0.014161957119492802,10396,0.8771553039550781
437,0.0,0.014161957119492802,10404,0.8780465126037598
438,0.0,0.014161957119492802,10416,0.8791236877441406
439,0.0,0.014161957119492802,10426,0.8800122737884521
440,0.0,0.014161957119492802,10434,0.8814725875854492
441,0.0,0.014161957119492802,10446,0.8831980228424072
442,0.0,0.014161957119492802,10457,0.8847482204437256
443,0.0,0.014161957119492802,10469,0.885840892791748
444,0.0,0.014161957119492802,10592,0.8951561450958252
445,0.0,0.014161957119492802,10600,0.8960428237915039
446,0.0,0.014161957119492802,10612,0.8971066474914551
447,0.0,0.014161957119492802,10624,0.8984332084655762
448,0.0,0.014161957119492802,10636,0.9000139236450195
449,0.0,0.014161957119492802,10648,0.9015717506408691
450,0.0,0.014161957119492802,10660,0.9027948379516602
451,0.0,0.014161957119492802,10668,0.9037718772888184
452,0.0,0.014161957119492802,10676,0.9046370983123779
453,0.0,0.014161957119492802,10799,0.9138932228088379
454,0.0,0.014161957119492802,10807,0.9147288799285889
455,0.0,0.014161957119492802,10815,0.9155426025390625
456,0.0,0.014161957119492802,10827,0.9165871143341064
457,0.0,0.014161957119492802,10835,0.9177548885345459
458,0.0,0.014161957119492802,10843,0.9187445640563965
459,0.0,0.014161957119492802,10855,0.9197885990142822
460,0.0,0.014161957119492802,10867,0.9208385944366455
461,0.0,0.014161957119492802,10879,0.9223079681396484
462,0.0,0.014161957119492802,11002,0.9323506355285645
463,0.0,0.014161957119492802,11014,0.9334111213684082
464,0.0,0.014161957119492802,11022,0.9342074394226074
465,0.0,0.014161957119492802,11034,0.9357728958129883
466,0.0,0.014161957119492802,11042,0.9372165203094482
467,0.0,0.014161957119492802,11050,0.9383563995361328
468,0.0,0.014161957119492802,11058,0.9392259120941162
469,0.0,0.014161957119492802,11070,0.9402768611907959
470,0.0,0.014161957119492802,11078,0.9411897659301758
471,0.0,0.014161957119492802,11201,0.9515807628631592
472,0.0,0.014161957119492802,11211,0.9525578022003174
473,0.0,0.014161957119492802,11219,0.953460693359375
474,0.0,0.014161957119492802,11231,0.954479455947876
475,0.0,0.014161957119492802,11243,0.9555518627166748
476,0.0,0.014161957119492802,11255,0.9566390514373779
477,0.0,0.014161957119492799,11267,0.9577021598815918
478,0.0,0.014161957119492799,11275,0.9585459232330322
479,0.0,0.014161957119492799,11287,0.9599728584289551
480,0.0,0.014161957119492799,11410,0.9699757099151611
481,0.0,0.014161957119492799,11418,0.9708402156829834
482,0.0,0.014161957119492799,11430,0.9719195365905762
483,0.0,0.014161957119492799,11441,0.9733538627624512
484,0.0,0.014161957119492799,11453,0.9745051860809326
485,0.0,0.014161957119492799,11461,0.9753668308258057
486,0.0,0.014161957119492799,11469,0.9765067100524902
487,0.0,0.014161957119492799,11477,0.9774305820465088
488,0.0,0.014161957119492799,11485,0.978585958480835
489,0.0,0.013229833249715793,11608,0.9894073009490967
490,0.0,0.013229833249715793,11620,0.9910578727722168
491,0.0,0.013229833249715793,11632,0.9925887584686279
492,0.0,0.013229833249715793,11644,0.9936614036560059
493,0.0,0.013229833249715793,11652,0.9945831298828125
494,0.0,0.013229833249715793,11664,0.9955766201019287
495,0.0,0.013229833249715793,11676,0.9970180988311768
496,0.0,0.013229833249715793,11688,0.9980535507202148
497,0.0,0.013229833249715793,11701,0.9991493225097656
498,0.0,0.013229833249715793,11825,1.007988691329956
499,0.0,0.013229833249715793,11837,1.009131669998169
500,0.0,0.013229833249715793,11845,1.0102229118347168
501,0.0,0.013229833249715793,11857,1.0115242004394531
502,0.0,0.013229833249715793,11869,1.0126421451568604
503,0.0,0.013229833249715793,11877,1.0135002136230469
504,0.0,0.013229833249715793,11885,1.0142936706542969
505,0.0,0.013229833249715793,11897,1.015329360961914
506,0.0,0.013229833249715793,11905,1.0162053108215332
507,0.0,0.013229833249715793,12029,1.0266635417938232
508,0.0,0.013229833249715793,12039,1.0279765129089355
509,0.0,0.013229833249715793,12051,1.0292651653289795
510,0.0,0.013229833249715793,12059,1.0302667617797852
511,0.0,0.013229833249715793,12067,1.031285047531128
512,0.0,0.013229833249715793,12075,1.0325191020965576
513,0.0,0.013229833249715793,12087,1.0338740348815918
514,0.0,0.013229833249715793,12099,1.0349769592285156
515,0.0,0.013229833249715793,12111,1.036320447921753
516,0.0,0.013229833249715793,12235,1.0459129810333252
517,0.0,0.013229833249715793,12247,1.0470373630523682
518,0.0,0.013229833249715793,12259,1.0481066703796387
519,0.0,0.013229833249715793,12271,1.049226999282837
520,0.0,0.013229833249715793,12283,1.0502510070800781
521,0.0,0.013229833249715793,12291,1.051218032836914
522,0.0,0.013229833249715793,12299,1.0520985126495361
523,0.0,0.013229833249715793,12311,1.0532913208007812
524,0.0,0.013229833249715793,12319,1.0540962219238281
525,0.0,0.013229833249715793,12443,1.0636169910430908
526,0.0,0.013229833249715793,12455,1.065262794494629
527,0.0,0.013229833249715793,12463,1.0666074752807617
528,0.0,0.013229833249715793,12475,1.068166732788086
529,0.0,0.013229833249715793,12487,1.0693483352661133
530,0.0,0.013229833249715793,12499,1.070836067199707
531,0.0,0.013229833249715793,12511,1.0719916820526123
532,0.0,0.013229833249715793,12519,1.0732271671295166
533,0.0,0.013229833249715793,12527,1.0740854740142822
534,0.0,0.013229833249715793,12651,1.0843141078948975
535,0.0,0.013229833249715793,12663,1.085510015487671
536,0.0,0.013229833249715793,12675,1.0865709781646729
537,0.0,0.013229833249715793,12687,1.0880122184753418
538,0.0,0.013229833249715793,12695,1.0888574123382568
539,0.0,0.013229833249715793,12707,1.0899507999420166
540,0.0,0.013229833249715793,12715,1.090794324874878
541,0.0,0.013229833249715793,12727,1.0918030738830566
542,0.0,0.013229833249715793,12739,1.0929608345031738
543,0.0,0.013229833249715793,12863,1.1026272773742676
544,0.0,0.013229833249715793,12875,1.1038858890533447
545,0.0,0.013229833249715793,12883,1.1047627925872803
546,0.0,0.013229833249715793,12891,1.105741262435913
547,0.0,0.013229833249715793,12899,1.1067209243774414
548,0.0,0.013229833249715793,12911,1.1080503463745117
549,0.0,0.013229833249715793,12923,1.1090900897979736
550,0.0,0.013229833249715793,12931,1.1099772453308105
551,0.0,0.013229833249715793,12941,1.1109137535095215
552,0.0,0.013229833249715793,13065,1.120502233505249
553,0.0,0.013229833249715793,13077,1.1216766834259033
554,0.0,0.013229833249715793,13085,1.12263822555542
555,0.0,0.013229833249715793,13093,1.1237516403198242
556,0.0,0.013229833249715793,13101,1.1249847412109375
557,0.0,0.013229833249715793,13113,1.1261348724365234
558,0.0,0.013229833249715793,13125,1.1272003650665283
559,0.0,0.013229833249715793,13137,1.1282377243041992
560,0.0,0.013229833249715793,13145,1.1291828155517578
561,0.0,0.013229833249715793,13269,1.1385347843170166
562,0.0,0.013229833249715793,13281,1.1395893096923828
563,0.0,0.013229833249715793,13289,1.1403954029083252
564,0.0,0.013229833249715793,13301,1.1414449214935303
565,0.0,0.013229833249715793,13313,1.1424996852874756
566,0.0,0.013229833249715793,13325,1.1436991691589355
567,0.0,0.013229833249715793,13337,1.1448533535003662
568,0.0,0.013229833249715793,13349,1.1459755897521973
569,0.0,0.013229833249715793,13361,1.147040843963623
570,0.0,0.013229833249715793,13485,1.156461238861084
571,0.0,0.013229833249715793,13497,1.1575689315795898
572,0.0,0.013229833249715793,13505,1.158543348312378
573,0.0,0.013229833249715793,13517,1.1599552631378174
574,0.0,0.013229833249715793,13525,1.1608238220214844
575,0.0,0.013229833249715793,13537,1.1618969440460205
576,0.0,0.013229833249715793,13545,1.1626849174499512
577,0.0,0.013229833249715793,13557,1.1637227535247803
578,0.0,0.013229833249715793,13565,1.1645641326904297
579,0.0,0.013229833249715793,13689,1.173917293548584
580,0.0,0.013229833249715793,13697,1.1750950813293457
581,0.0,0.013229833249715793,13709,1.1767051219940186
582,0.0,0.013229833249715793,13717,1.1775755882263184
583,0.0,0.013229833249715793,13725,1.1783711910247803
584,0.0,0.013229833249715793,13737,1.179795503616333
585,0.0,0.013229833249715793,13745,1.1806347370147705
586,0.0,0.013229833249715793,13753,1.18145751953125
587,0.0,0.013229833249715793,13765,1.182527780532837
588,0.0,0.013229833249715793,13889,1.1928317546844482
589,0.0,0.013229833249715793,13897,1.19378662109375
590,0.0,0.013229833249715793,13909,1.1948344707489014
591,0.0,0.013229833249715793,13921,1.1958754062652588
592,0.0,0.013229833249715793,13933,1.1970610618591309
593,0.0,0.013229833249715793,13941,1.198213815689087
594,0.0,0.013229833249715793,13949,1.1991536617279053
595,0.0,0.013229833249715793,13957,1.2000446319580078
596,0.0,0.013229833249715793,13969,1.2011678218841553
597,0.0,0.013229833249715793,14093,1.2112643718719482
598,0.0,0.013229833249715793,14105,1.2123303413391113
599,0.0,0.013229833249715793,14117,1.2133889198303223
600,0.0,0.013229833249715793,14129,1.2143914699554443
601,0.0,0.013229833249715793,14137,1.2153291702270508
602,0.0,0.013229833249715793,14145,1.216252326965332
603,0.0,0.013229833249715793,14153,1.217102289199829
604,0.0,0.013229833249715793,14165,1.218381643295288
605,0.0,0.013229833249715793,14177,1.2196002006530762
606,0.0,0.013229833249715793,14301,1.2292702198028564
607,0.0,0.013229833249715793,14309,1.230139970779419
608,0.0,0.013229833249715793,14321,1.231168508529663
609,0.0,0.013229833249715793,14333,1.2321786880493164
610,0.0,0.013229833249715793,14345,1.233325719833374
611,0.0,0.013229833249715793,14357,1.2342848777770996
612,0.0,0.013229833249715793,14369,1.2357945442199707
613,0.0,0.013229833249715793,14377,1.2368369102478027
614,0.0,0.013229833249715793,14389,1.2380650043487549
615,0.0,0.013229833249715793,14513,1.2481417655944824
616,0.0,0.013229833249715793,14525,1.2495245933532715
617,0.0,0.013229833249715793,14533,1.2504165172576904
618,0.0,0.013229833249715793,14545,1.2514855861663818
619,0.0,0.013229833249715793,14553,1.252350091934204
620,0.0,0.013229833249715793,14565,1.2533864974975586
621,0.0,0.013229833249715793,14573,1.254176378250122
622,0.0,0.013229833249715793,14585,1.2552802562713623
623,0.0,0.013229833249715793,14593,1.256441593170166
624,0.0,0.013229833249715793,14717,1.265895128250122
625,0.0,0.013229833249715793,14725,1.2668046951293945
626,0.0,0.013229833249715793,14733,1.2677009105682373
627,0.0,0.013229833249715793,14741,1.2685444355010986
628,0.0,0.013229833249715793,14753,1.2697474956512451
629,0.0,0.013229833249715793,14765,1.2709641456604004
630,0.0,0.013229833249715793,14773,1.2718074321746826
631,0.0,0.013229833249715793,14781,1.2726075649261475
632,0.0,0.013229833249715793,14793,1.2736241817474365
633,0.0,0.013229833249715793,14917,1.2831954956054688
634,0.0,0.013229833249715793,14929,1.2842106819152832
635,0.0,0.013229833249715793,14941,1.2858505249023438
636,0.0,0.013229833249715793,14953,1.2871451377868652
637,0.0,0.013229833249715793,14961,1.2879910469055176
638,0.0,0.013229833249715793,14973,1.2891833782196045
639,0.0,0.013229833249715793,14985,1.2904064655303955
640,0.0,0.013229833249715793,14997,1.2917373180389404
641,0.0,0.013229833249715793,15009,1.2929918766021729
642,0.0,0.013229833249715793,15133,1.3033442497253418
643,0.0,0.013229833249715793,15141,1.3041539192199707
644,0.0,0.013229833249715793,15153,1.305168628692627
645,0.0,0.013229833249715793,15165,1.3062469959259033
646,0.0,0.013229833249715793,15177,1.3073325157165527
647,0.0,0.013229833249715793,15189,1.3084774017333984
648,0.0,0.013229833249715793,15201,1.3095016479492188
649,0.0,0.013229833249715793,15213,1.3109841346740723
650,0.0,0.013229833249715793,15221,1.3118395805358887
651,0.0,0.013229833249715793,15345,1.3213064670562744
652,0.0,0.013229833249715793,15353,1.3221588134765625
653,0.0,0.013229833249715793,15365,1.323127269744873
654,0.0,0.013229833249715793,15377,1.3241348266601562
655,0.0,0.013229833249715793,15389,1.3256680965423584
656,0.0,0.013229833249715793,15397,1.3265104293823242
657,0.0,0.013229833249715793,15409,1.3275246620178223
658,0.0,0.013229833249715793,15417,1.328322172164917
659,0.0,0.013229833249715793,15429,1.3295092582702637
660,0.0,0.013229833249715793,15553,1.3401603698730469
661,0.0,0.013229833249715793,15565,1.3414814472198486
662,0.0,0.013229833249715793,15577,1.3427112102508545
663,0.0,0.013229833249715793,15589,1.3438003063201904
664,0.0,0.013229833249715793,15601,1.3448882102966309
665,0.0,0.013229833249715793,15609,1.345780849456787
666,0.0,0.013229833249715793,15621,1.3468914031982422
667,0.0,0.013229833249715793,15629,1.3477542400360107
668,0.0,0.013229833249715793,15641,1.3489429950714111
669,0.0,0.013229833249715793,15765,1.3582208156585693
670,0.0,0.013229833249715793,15776,1.359281063079834
671,0.0,0.013229833249715793,15784,1.360131025314331
672,0.0,0.013229833249715793,15796,1.3611705303192139
673,0.0,0.013229833249715793,15808,1.362440586090088
674,0.0,0.013229833249715793,15816,1.3636322021484375
675,0.0,0.013229833249715793,15824,1.3645601272583008
676,0.0,0.013229833249715793,15832,1.3654601573944092
677,0.0,0.013229833249715793,15844,1.3665189743041992
678,0.0,0.013229833249715793,15968,1.3760697841644287
679,0.0,0.013229833249715793,15980,1.377121925354004
680,0.0,0.013229833249715793,15992,1.3781559467315674
681,0.0,0.013229833249715793,16000,1.379061222076416
682,0.0,0.013229833249715793,16012,1.3800246715545654
683,0.0,0.013229833249715793,16024,1.381530523300171
684,0.0,0.013229833249715793,16035,1.3830170631408691
685,0.0,0.013229833249715793,16043,1.3838613033294678
686,0.0,0.013229833249715793,16055,1.3850574493408203
687,0.0,0.013229833249715793,16179,1.3968193531036377
688,0.0,0.013229833249715793,16187,1.3982813358306885
689,0.0,0.013229833249715793,16199,1.3999254703521729
690,0.0,0.013229833249715793,16211,1.401129961013794
691,0.0,0.013229833249715793,16219,1.402453899383545
692,0.0,0.013229833249715793,16231,1.404111623764038
693,0.0,0.013229833249715793,16243,1.4057512283325195
694,0.0,0.013229833249715793,16251,1.4065501689910889
695,0.0,0.013229833249715793,16263,1.4075913429260254
696,0.0,0.011373014985853136,16383,1.4188499450683594
697,0.0,0.011373014985853136,16391,1.4196972846984863
698,0.0,0.011373014985853136,16403,1.420745849609375
699,0.0,0.011373014985853136,16411,1.4216241836547852
700,0.0,0.011373014985853136,16422,1.423039197921753
701,0.0,0.011373014985853136,16430,1.4239108562469482
702,0.0,0.011373014985853136,16443,1.4250571727752686
703,0.0,0.011373014985853136,16456,1.4261415004730225
704,0.0,0.011373014985853136,16469,1.4275689125061035
705,0.0,0.011373014985853136,16482,1.4287877082824707
706,0.0,0.011373014985853136,16602,1.438523530960083
707,0.0,0.011373014985853136,16614,1.4398539066314697
708,0.0,0.011373014985853136,16624,1.4407944679260254
709,0.0,0.011373014985853136,16636,1.441765546798706
710,0.0,0.011373014985853136,16644,1.4426677227020264
711,0.0,0.011373014985853136,16652,1.443514347076416
712,0.0,0.011373014985853136,16664,1.4445695877075195
713,0.0,0.011373014985853136,16676,1.4458537101745605
714,0.0,0.011373014985853136,16688,1.4468884468078613
715,0.0,0.011373014985853136,16808,1.4561553001403809
716,0.0,0.011373014985853136,16820,1.4572539329528809
717,0.0,0.011373014985853136,16832,1.4582664966583252
718,0.0,0.011373014985853136,16844,1.4593274593353271
719,0.0,0.011373014985853136,16856,1.4606099128723145
720,0.0,0.011373014985853136,16866,1.4620494842529297
721,0.0,0.011373014985853136,16878,1.4631295204162598
722,0.0,0.011373014985853136,16890,1.4641170501708984
723,0.0,0.011373014985853136,16902,1.4653956890106201
724,0.0,0.011373014985853136,17022,1.4752452373504639
725,0.0,0.011373014985853136,17034,1.4765222072601318
726,0.0,0.011373014985853136,17046,1.4779255390167236
727,0.0,0.011373014985853136,17058,1.4791600704193115
728,0.0,0.011373014985853136,17070,1.4802510738372803
729,0.0,0.011373014985853136,17078,1.4811244010925293
730,0.0,0.011373014985853136,17090,1.4825544357299805
731,0.0,0.011373014985853136,17098,1.4833402633666992
732,0.0,0.011373014985853136,17106,1.484257698059082
733,0.0,0.011373014985853136,17226,1.4950220584869385
734,0.0,0.011373014985853136,17238,1.4965667724609375
735,0.0,0.011373014985853136,17246,1.4975783824920654
736,0.0,0.011373014985853136,17258,1.4989039897918701
737,0.0,0.011373014985853136,17270,1.500032663345337
738,0.0,0.011373014985853136,17278,1.5009808540344238
739,0.0,0.011373014985853136,17290,1.5024726390838623
740,0.0,0.011373014985853136,17298,1.5033416748046875
741,0.0,0.011373014985853136,17306,1.5041558742523193
742,0.0,0.011373014985853136,17426,1.5140635967254639
743,0.0,0.011373014985853136,17434,1.5149178504943848
744,0.0,0.011373014985853136,17442,1.5158312320709229
745,0.0,0.011373014985853136,17454,1.5169658660888672
746,0.0,0.011373014985853136,17466,1.5181305408477783
747,0.0,0.011373014985853136,17478,1.5193109512329102
748,0.0,0.011373014985853136,17486,1.5202465057373047
749,0.0,0.011373014985853136,17494,1.5212383270263672
750,0.0,0.011373014985853136,17502,1.5224976539611816
751,0.0,0.011373014985853136,17622,1.5362517833709717
752,0.0,0.011373014985853136,17634,1.53782320022583
753,0.0,0.011373014985853136,17646,1.5394353866577148
754,0.0,0.011373014985853136,17654,1.5406250953674316
755,0.0,0.011373014985853136,17666,1.5423223972320557
756,0.0,0.011373014985853136,17674,1.5434794425964355
757,0.0,0.011373014985853136,17686,1.5448362827301025
758,0.0,0.011373014985853136,17698,1.5464673042297363
759,0.0,0.011373014985853136,17706,1.5476961135864258
760,0.0,0.011373014985853136,17826,1.558790922164917
761,0.0,0.011373014985853136,17838,1.560288906097412
762,0.0,0.011373014985853136,17846,1.561474084854126
763,0.0,0.011373014985853136,17858,1.5628902912139893
764,0.0,0.011373014985853136,17870,1.5640318393707275
765,0.0,0.011373014985853136,17882,1.5650959014892578
766,0.0,0.011373014985853136,17894,1.566147804260254
767,0.0,0.011373014985853136,17906,1.5672132968902588
768,0.0,0.011373014985853136,17914,1.5680491924285889
769,0.0,0.011373014985853136,18034,1.57694673538208
770,0.0,0.011373014985853136,18046,1.5780129432678223
771,0.0,0.011373014985853136,18054,1.5788145065307617
772,0.0,0.011373014985853136,18066,1.5798563957214355
773,0.0,0.011373014985853136,18078,1.5808851718902588
774,0.0,0.011373014985853136,18086,1.5817561149597168
775,0.0,0.011373014985853136,18094,1.582526683807373
776,0.0,0.011373014985853136,18106,1.583569049835205
777,0.0,0.011373014985853136,18118,1.584608554840088
778,0.0,0.011373014985853136,18238,1.59348464012146
779,0.0,0.011373014985853136,18246,1.5943386554718018
780,0.0,0.011373014985853136,18258,1.5953354835510254
781,0.0,0.011373014985853136,18266,1.5962204933166504
782,0.0,0.011373014985853136,18278,1.5972771644592285
783,0.0,0.011373014985853136,18290,1.5983598232269287
784,0.0,0.011373014985853136,18302,1.5994656085968018
785,0.0,0.011373014985853136,18314,1.6005198955535889
786,0.0,0.011373014985853115,18326,1.6016285419464111
787,0.0,0.011373014985853115,18445,1.61041259765625
788,0.0,0.011373014985853115,18457,1.611520528793335
789,0.0,0.011373014985853115,18469,1.612619161605835
790,0.0,0.011373014985853115,18481,1.6137115955352783
791,0.0,0.011373014985853115,18491,1.614656925201416
792,0.0,0.011373014985853115,18499,1.6154484748840332
793,0.0,0.011373014985853115,18507,1.6163427829742432
794,0.0,0.011373014985853115,18519,1.6173930168151855
795,0.0,0.011373014985853115,18527,1.6182866096496582
796,0.0,0.011373014985853115,18646,1.6270334720611572
797,0.0,0.011373014985853115,18658,1.6280732154846191
798,0.0,0.011373014985853115,18666,1.6289088726043701
799,0.0,0.011373014985853115,18674,1.6297903060913086
800,0.0,0.011373014985853115,18686,1.6309659481048584
801,0.0,0.011373014985853115,18694,1.6318488121032715
802,0.0,0.011373014985853115,18702,1.6326348781585693
803,0.0,0.011373014985853115,18710,1.6335012912750244
804,0.0,0.011373014985853115,18718,1.6343224048614502
805,0.0,0.011373014985853115,18837,1.642904281616211
806,0.0,0.011373014985853115,18845,1.6437962055206299
807,0.0,0.011373014985853115,18853,1.6446597576141357
808,0.0,0.011373014985853115,18865,1.6458353996276855
809,0.0,0.011373014985853115,18873,1.646651268005371
810,0.0,0.011373014985853115,18885,1.6477324962615967
811,0.0,0.011373014985853115,18897,1.6487236022949219
812,0.0,0.011373014985853115,18905,1.649564266204834
813,0.0,0.011373014985853115,18913,1.6504223346710205
814,0.0,0.011132278934757654,19032,1.6590311527252197
815,0.0,0.011132278934757654,19040,1.659902572631836
816,0.0,0.011132278934757654,19048,1.66074538230896
817,0.0,0.011132278934757654,19060,1.6617872714996338
818,0.0,0.011132278934757654,19071,1.662754774093628
819,0.0,0.011132278934757654,19083,1.663776159286499
820,0.0,0.011132278934757654,19095,1.6648154258728027
821,0.0,0.011132278934757654,19107,1.6658525466918945
822,0.0,0.011132278934757654,19115,1.6667280197143555
823,0.0,0.011132278934757654,19235,1.6755726337432861
824,0.0,0.011132278934757654,19247,1.6766033172607422
825,0.0,0.011132278934757654,19259,1.6776423454284668
826,0.0,0.011132278934757654,19271,1.6786978244781494
827,0.0,0.011132278934757654,19283,1.6798038482666016
828,0.0,0.011132278934757654,19291,1.6806674003601074
829,0.0,0.011132278934757654,19303,1.6816940307617188
830,0.0,0.011132278934757654,19315,1.6828444004058838
831,0.0,0.011132278934757654,19323,1.6837420463562012
832,0.0,0.011132278934757654,19443,1.6923582553863525
833,0.0,0.011132278934757654,19451,1.6932170391082764
834,0.0,0.011132278934757654,19459,1.694016695022583
835,0.0,0.011132278934757654,19471,1.6950676441192627
836,0.0,0.011132278934757654,19483,1.6960954666137695
837,0.0,0.011132278934757654,19491,1.696960210800171
838,0.0,0.011132278934757654,19503,1.698026418685913
839,0.0,0.011132278934757654,19511,1.6988089084625244
840,0.0,0.011132278934757654,19519,1.6996850967407227
841,0.0,0.011132278934757654,19639,1.7084190845489502
842,0.0,0.011132278934757654,19651,1.7095072269439697
843,0.0,0.011132278934757654,19659,1.7103493213653564
844,0.0,0.011132278934757654,19671,1.7113714218139648
845,0.0,0.011132278934757654,19683,1.7125027179718018
846,0.0,0.011132278934757654,19691,1.7134308815002441
847,0.0,0.011132278934757654,19699,1.7142658233642578
848,0.0,0.011132278934757654,19707,1.7151799201965332
849,0.0,0.011132278934757654,19715,1.7160649299621582
850,0.0,0.011132278934757654,19835,1.724771499633789
851,0.0,0.011132278934757654,19843,1.7256174087524414
852,0.0,0.011132278934757654,19851,1.7265374660491943
853,0.0,0.011132278934757654,19859,1.7274460792541504
854,0.0,0.011132278934757654,19867,1.728339433670044
855,0.0,0.011132278934757654,19875,1.7293815612792969
856,0.0,0.011132278934757654,19887,1.7306156158447266
857,0.0,0.011132278934757654,19899,1.7316837310791016
858,0.0,0.011132278934757654,19907,1.7328650951385498
859,0.0,0.011132278934757654,20027,1.7437503337860107
860,0.0,0.011132278934757654,20039,1.744861364364624
861,0.0,0.011132278934757654,20051,1.745919942855835
862,0.0,0.011132278934757654,20063,1.747274398803711
863,0.0,0.011132278934757654,20075,1.7485179901123047
864,0.0,0.011132278934757654,20087,1.750009298324585
865,0.0,0.011132278934757654,20099,1.751452922821045
866,0.0,0.011132278934757654,20111,1.7527999877929688
867,0.0,0.011132278934757654,20119,1.7543671131134033
868,0.0,0.011132278934757654,20239,1.7655949592590332
869,0.0,0.011132278934757654,20247,1.766725778579712
870,0.0,0.011132278934757654,20259,1.767970085144043
871,0.0,0.011132278934757654,20267,1.7689669132232666
872,0.0,0.011132278934757654,20279,1.7703745365142822
873,0.0,0.011132278934757654,20291,1.7717211246490479
874,0.0,0.011132278934757654,20303,1.773024082183838
875,0.0,0.011132278934757654,20311,1.7739977836608887
876,0.0,0.011132278934757654,20319,1.7751379013061523
877,0.0,0.011132278934757654,20439,1.7867717742919922
878,0.0,0.011132278934757654,20450,1.788376808166504
879,0.0,0.011132278934757654,20462,1.7895922660827637
880,0.0,0.011132278934757654,20474,1.7907359600067139
881,0.0,0.011132278934757654,20482,1.7916548252105713
882,0.0,0.011132278934757654,20490,1.7926580905914307
883,0.0,0.011132278934757654,20502,1.7937827110290527
884,0.0,0.011132278934757654,20514,1.7949001789093018
885,0.0,0.011132278934757654,20522,1.7957768440246582
886,0.0,0.011132278934757654,20642,1.807995319366455
887,0.0,0.011132278934757654,20654,1.8093621730804443
888,0.0,0.011132278934757654,20666,1.810619831085205
889,0.0,0.011132278934757654,20678,1.8120863437652588
890,0.0,0.011132278934757654,20686,1.8131725788116455
891,0.0,0.011132278934757654,20694,1.8142154216766357
892,0.0,0.011132278934757654,20702,1.8152852058410645
893,0.0,0.011132278934757654,20714,1.8167877197265625
894,0.0,0.011132278934757654,20722,1.8180632591247559
895,0.0,0.011132278934757654,20842,1.8298921585083008
896,0.0,0.011132278934757654,20854,1.8312978744506836
897,0.0,0.011132278934757654,20862,1.832303762435913
898,0.0,0.011132278934757654,20874,1.8338279724121094
899,0.0,0.011132278934757654,20882,1.8351836204528809
900,0.0,0.011132278934757654,20894,1.8366796970367432
901,0.0,0.011132278934757654,20906,1.8378846645355225
902,0.0,0.011132278934757654,20914,1.8390066623687744
903,0.0,0.011132278934757654,20926,1.8404109477996826
904,0.0,0.011132278934757654,21046,1.8513681888580322
905,0.0,0.011132278934757654,21058,1.8528480529785156
906,0.0,0.011132278934757654,21070,1.8541390895843506
907,0.0,0.011132278934757654,21082,1.8556604385375977
908,0.0,0.011132278934757654,21090,1.856675148010254
909,0.0,0.011132278934757654,21102,1.8579111099243164
910,0.0,0.011132278934757654,21110,1.8592016696929932
911,0.0,0.011132278934757654,21122,1.860680103302002
912,0.0,0.011132278934757654,21130,1.8616917133331299
913,0.0,0.011132278934757654,21250,1.87375807762146
914,0.0,0.011132278934757654,21262,1.8748855590820312
915,0.0,0.011132278934757654,21274,1.8761684894561768
916,0.0,0.011132278934757654,21286,1.8776237964630127
917,0.0,0.011132278934757654,21298,1.8790438175201416
918,0.0,0.011132278934757654,21306,1.880194902420044
919,0.0,0.011132278934757654,21318,1.8815884590148926
920,0.0,0.011132278934757654,21330,1.8829646110534668
921,0.0,0.011132278934757654,21342,1.884061574935913
922,0.0,0.011132278934757654,21462,1.8954780101776123
923,0.0,0.011132278934757654,21474,1.8970277309417725
924,0.0,0.011132278934757654,21486,1.8984863758087158
925,0.0,0.011132278934757654,21494,1.8997182846069336
926,0.0,0.011132278934757654,21502,1.9007818698883057
927,0.0,0.011132278934757654,21510,1.9020702838897705
928,0.0,0.011132278934757654,21522,1.9034655094146729
929,0.0,0.011132278934757654,21530,1.9045977592468262
930,0.0,0.011132278934757654,21542,1.906059980392456
931,0.0,0.011132278934757654,21662,1.9175970554351807
932,0.0,0.011132278934757654,21674,1.9190330505371094
933,0.0,0.011132278934757654,21682,1.9204003810882568
934,0.0,0.011132278934757654,21690,1.921678066253662
935,0.0,0.011132278934757654,21698,1.9225680828094482
936,0.0,0.011132278934757654,21706,1.9236817359924316
937,0.0,0.011132278934757654,21718,1.9252169132232666
938,0.0,0.011132278934757654,21730,1.9264745712280273
939,0.0,0.011132278934757654,21742,1.928114414215088
940,0.0,0.011132278934757654,21862,1.9398179054260254
941,0.0,0.011132278934757654,21872,1.9408934116363525
942,0.0,0.011132278934757654,21880,1.941784143447876
943,0.0,0.011132278934757654,21892,1.942892074584961
944,0.0,0.011132278934757654,21904,1.9443931579589844
945,0.0,0.011132278934757654,21916,1.9454329013824463
946,0.0,0.011132278934757654,21928,1.9467849731445312
947,0.0,0.011132278934757654,21940,1.9479870796203613
948,0.0,0.011132278934757654,21952,1.9490556716918945
949,0.0,0.011132278934757654,22072,1.959078311920166
950,0.0,0.011132278934757654,22084,1.960538625717163
951,0.0,0.011132278934757654,22096,1.9619266986846924
952,0.0,0.011132278934757654,22104,1.9630541801452637
953,0.0,0.011132278934757654,22116,1.9646522998809814
954,0.0,0.011132278934757654,22128,1.9658586978912354
955,0.0,0.011132278934757654,22140,1.967344045639038
956,0.0,0.011132278934757654,22152,1.969027042388916
957,0.0,0.011132278934757654,22164,1.9708123207092285
958,0.0,0.011132278934757654,22284,1.9833595752716064
959,0.0,0.011132278934757654,22296,1.9848012924194336
960,0.0,0.011132278934757654,22308,1.9865260124206543
961,0.0,0.011132278934757654,22320,1.9880633354187012
962,0.0,0.011132278934757654,22332,1.9900763034820557
963,0.0,0.011132278934757654,22344,1.9915111064910889
964,0.0,0.011132278934757654,22352,1.9925274848937988
965,0.0,0.011132278934757654,22364,1.9937489032745361
966,0.0,0.011132278934757654,22372,1.9948828220367432
967,0.0,0.011132278934757654,22492,2.0042362213134766
968,0.0,0.011132278934757654,22504,2.0053210258483887
969,0.0,0.011132278934757654,22516,2.0066394805908203
970,0.0,0.011132278934757654,22524,2.0075325965881348
971,0.0,0.011132278934757654,22532,2.0083436965942383
972,0.0,0.011132278934757654,22544,2.009389638900757
973,0.0,0.011132278934757654,22556,2.0106139183044434
974,0.0,0.011132278934757654,22566,2.011531114578247
975,0.0,0.011132278934757654,22578,2.012573003768921
976,0.0,0.011132278934757654,22698,2.021263837814331
977,0.0,0.011132278934757654,22706,2.0221376419067383
978,0.0,0.011132278934757654,22718,2.02317476272583
979,0.0,0.011132278934757654,22726,2.0239546298980713
980,0.0,0.011132278934757654,22734,2.0248303413391113
981,0.0,0.011132278934757654,22742,2.025697708129883
982,0.0,0.011132278934757654,22754,2.0267770290374756
983,0.0,0.011132278934757654,22766,2.027859687805176
984,0.0,0.011132278934757654,22774,2.0287091732025146
985,0.0,0.011132278934757654,22894,2.0375638008117676
986,0.0,0.011132278934757654,22906,2.038662910461426
987,0.0,0.011132278934757654,22914,2.03950834274292
988,0.0,0.011132278934757654,22926,2.0405521392822266
989,0.0,0.011132278934757654,22934,2.041415214538574
990,0.0,0.011132278934757654,22946,2.042457342147827
991,0.0,0.011132278934757654,22958,2.0436275005340576
992,0.0,0.011132278934757654,22970,2.044633388519287
993,0.0,0.011132278934757654,22982,2.045991897583008
994,0.0,0.011132278934757654,23102,2.0549113750457764
995,0.0,0.011132278934757654,23113,2.0559771060943604
996,0.0,0.011132278934757654,23125,2.0570569038391113
997,0.0,0.011132278934757654,23137,2.058100700378418
998,0.0,0.011132278934757654,23145,2.058929681777954
999,0.0,0.011132278934757654,23157,2.0599379539489746
1000,0.0,0.011132278934757654,23169,2.060938835144043
