gen,best_fitness,mean_fitness,evals,time_sec
0,1567.2656817698564,1791.8220692584473,107,0.01729607582092285
1,1567.2656817698564,1753.6278991734969,160,0.0333404541015625
2,1567.2656817698564,1743.99037293149,204,0.048127174377441406
3,1657.8074118354834,1755.932495537375,259,0.06197500228881836
4,1646.6045961796058,1743.347759232533,305,0.0763092041015625
5,1666.3433448971987,1734.9068605399486,354,0.0901193618774414
6,1615.181234287622,1718.2176059559101,404,0.10399913787841797
7,1615.181234287622,1701.1095988317747,449,0.11812329292297363
8,1615.181234287622,1699.3474849622849,501,0.131927490234375
9,1581.0431159558075,1687.6668085279262,544,0.1457810401916504
10,1537.465667654141,1694.1342088971037,597,0.15999794006347656
11,1537.465667654141,1665.0283525811872,649,0.17440342903137207
12,1480.916939880083,1643.4092501535335,696,0.1879434585571289
13,1480.916939880083,1634.1540204755654,742,0.20187997817993164
14,1480.916939880083,1621.0365824279404,786,0.21723175048828125
15,1480.916939880083,1609.2537777907407,830,0.23275971412658691
16,1482.760657902183,1635.241990196557,885,0.2469649314880371
17,1482.760657902183,1597.2683321150982,936,0.2614128589630127
18,1482.760657902183,1595.9101947830538,982,0.2754213809967041
19,1482.760657902183,1595.6252513965517,1031,0.28935766220092773
20,1491.2268431845537,1592.0977566789454,1078,0.3034992218017578
21,1491.2268431845537,1571.3785825654106,1129,0.31851649284362793
22,1488.8278050900844,1578.4777274764594,1181,0.3344752788543701
23,1488.8278050900844,1581.9333587732606,1230,0.3493154048919678
24,1488.8278050900844,1563.2059332437925,1279,0.36377620697021484
25,1481.883469541936,1611.1421304818505,1334,0.377988338470459
26,1481.883469541936,1606.109588206071,1381,0.39234089851379395
27,1481.883469541936,1599.6617412702942,1431,0.40747570991516113
28,1471.3623287425082,1575.6096259140356,1492,0.4229857921600342
29,1471.3623287425082,1547.5745408283935,1536,0.43714308738708496
30,1471.3623287425082,1540.9164873160514,1578,0.4504048824310303
31,1471.3623287425082,1535.5847394430873,1626,0.46390604972839355
32,1462.1844080410801,1567.6869344262404,1682,0.47861766815185547
33,1462.1844080410801,1526.9989174453635,1726,0.4930100440979004
34,1462.1844080410801,1524.3748327530184,1769,0.5077219009399414
35,1434.6458201050832,1518.8397317477998,1813,0.5214886665344238
36,1434.6458201050832,1512.1485918397318,1861,0.534928560256958
37,1427.8396135734238,1502.9991317061342,1909,0.5488977432250977
38,1427.8396135734238,1497.7444777032847,1958,0.5625579357147217
39,1427.8396135734238,1492.180093906876,2011,0.5775279998779297
40,1427.8396135734238,1488.6738872942433,2055,0.5911264419555664
41,1418.3391538962337,1570.151980063996,2114,0.6049447059631348
42,1418.3391538962337,1484.845258111876,2161,0.6191802024841309
43,1418.3391538962337,1480.8105044674269,2209,0.6332917213439941
44,1412.0385705091646,1476.4403266278657,2258,0.649090051651001
45,1412.0385705091646,1475.049200704483,2304,0.6631679534912109
46,1412.0385705091646,1470.0289727379718,2356,0.6783609390258789
47,1395.1133473576622,1465.1045532760993,2406,0.692272424697876
48,1379.8583921222732,1456.7664690659462,2452,0.7068362236022949
49,1379.8583921222732,1448.7239493302566,2504,0.7217504978179932
50,1355.7383529468166,1443.5928199177927,2554,0.7369508743286133
51,1355.7383529468166,1440.485346616665,2604,0.751368522644043
52,1352.7725497571216,1434.8480769513333,2649,0.7650883197784424
53,1328.906675653826,1426.410675085009,2703,0.7796680927276611
54,1328.906675653826,1422.8385292829319,2745,0.7941896915435791
55,1328.906675653826,1420.8376658158506,2785,0.8079969882965088
56,1328.906675653826,1416.6469884202427,2837,0.8222661018371582
57,1357.8203922681932,1525.469051413764,2900,0.8371703624725342
58,1353.8687205200254,1462.0030372332149,2950,0.8517148494720459
59,1353.8687205200254,1449.973292166202,3004,0.8662664890289307
60,1353.8687205200254,1463.0519103662562,3053,0.8806686401367188
61,1326.6843154852027,1503.528103111836,3104,0.8942546844482422
62,1326.6843154852027,1416.1495663436467,3148,0.9080662727355957
63,1326.6843154852027,1407.9881762429811,3193,0.9217431545257568
64,1326.6843154852027,1404.158784953869,3243,0.9357864856719971
65,1345.6850415783379,1500.4738970191468,3300,0.9496676921844482
66,1345.6850415783379,1423.9309355449768,3349,0.9634416103363037
67,1369.323366019854,1444.6079503188957,3398,0.9776225090026855
68,1369.323366019854,1441.1234582655661,3447,0.9941284656524658
69,1365.8414268287163,1459.2481363743077,3499,1.0078473091125488
70,1365.8414268287163,1450.694055245342,3557,1.025038719177246
71,1365.8414268287163,1439.4239046886985,3615,1.038891077041626
72,1365.8414268287163,1434.4024097336637,3671,1.053530216217041
73,1359.851348135167,1460.433418148252,3730,1.0673391819000244
74,1342.3647426584016,1455.8160939705003,3787,1.0826141834259033
75,1342.3647426584016,1456.174666184572,3845,1.097217082977295
76,1342.3647426584016,1438.574365402911,3891,1.111388921737671
77,1342.3647426584016,1462.672229997843,3940,1.1254026889801025
78,1348.8758752219521,1464.571056610462,3990,1.1401755809783936
79,1340.3833970752064,1469.7602915596005,4041,1.1546342372894287
80,1340.3833970752064,1464.103485032131,4101,1.1691997051239014
81,1340.3833970752064,1446.2300265858792,4158,1.1835732460021973
82,1340.3833970752064,1430.3156395125302,4212,1.1976771354675293
83,1343.3257777427275,1438.2900248307344,4269,1.2118253707885742
84,1367.1264927241375,1470.9962893577042,4322,1.2255749702453613
85,1352.6368553518994,1471.9938028847362,4385,1.2400691509246826
86,1352.6368553518994,1455.4313997239403,4432,1.2536394596099854
87,1352.6368553518994,1468.2424072485485,4481,1.2682573795318604
88,1335.3687371042643,1446.2650179232444,4525,1.2819325923919678
89,1335.3687371042643,1482.7231704347475,4585,1.2961499691009521
90,1314.1174069692595,1448.7228184919672,4644,1.310880184173584
91,1314.1174069692595,1401.9872815389913,4692,1.324911117553711
92,1314.1174069692595,1396.4799899062275,4739,1.338897943496704
93,1314.1174069692595,1395.6716595633063,4782,1.3539612293243408
94,1353.1241122675929,1518.1903006889318,4843,1.3684637546539307
95,1353.1241122675929,1427.7341261620495,4891,1.3828761577606201
96,1353.1241122675929,1460.1253378162044,4944,1.396998405456543
97,1353.1241122675929,1438.262629646554,4993,1.41157865524292
98,1357.318512880408,1452.0238912648013,5046,1.4262480735778809
99,1357.318512880408,1440.5552128524107,5095,1.4410414695739746
100,1357.318512880408,1423.9403874241764,5147,1.4556849002838135
101,1349.5346739978422,1428.8737133113068,5208,1.4703009128570557
102,1349.5346739978422,1475.0934955625694,5262,1.4841344356536865
103,1349.5346739978422,1429.7584977270953,5309,1.4981281757354736
104,1349.5346739978422,1459.550366775301,5370,1.513622522354126
105,1358.432133285667,1459.0386985795296,5432,1.5273866653442383
106,1358.432133285667,1440.8101644309606,5480,1.5416655540466309
107,1358.432133285667,1434.3244161083082,5530,1.5556769371032715
108,1322.5283952371594,1467.2812163592664,5595,1.5704808235168457
109,1322.5283952371594,1468.2056266005816,5649,1.5846507549285889
110,1322.5283952371594,1425.1154520077669,5707,1.5989766120910645
111,1322.5283952371594,1423.565034496903,5758,1.613053321838379
112,1337.4304310206544,1492.6000164996328,5813,1.626734733581543
113,1337.4304310206544,1439.1385693625546,5862,1.641207218170166
114,1337.4304310206544,1437.6081799993528,5911,1.6608901023864746
115,1312.3157130100997,1441.1981373124518,5969,1.689657211303711
116,1312.3157130100997,1399.5578538491425,6017,1.7175869941711426
117,1312.3157130100997,1395.1317231092992,6069,1.7346746921539307
118,1312.3157130100997,1391.6098447369322,6113,1.7515013217926025
119,1342.1094866687117,1559.0936069804327,6169,1.7653899192810059
120,1342.1094866687117,1465.996037382229,6218,1.7796945571899414
121,1342.1094866687117,1454.807384021046,6274,1.7948968410491943
122,1360.765467989949,1432.906003705388,6332,1.809401512145996
123,1360.765467989949,1402.0678674444964,6376,1.823815107345581
124,1360.765467989949,1432.1360523996775,6435,1.839001178741455
125,1360.765467989949,1466.5806896938032,6487,1.8532636165618896
126,1360.8543144638793,1500.028665343372,6545,1.8677170276641846
127,1360.8543144638793,1428.4887767189632,6602,1.8825523853302002
128,1364.3098877623984,1479.5194080082224,6662,1.896902322769165
129,1355.4622555734725,1441.8432978876629,6717,1.9120063781738281
130,1337.4960344764686,1408.7734148656898,6773,1.9267070293426514
131,1337.4960344764686,1438.3929267698777,6817,1.9411206245422363
132,1337.4960344764686,1422.183581211662,6858,1.9546113014221191
133,1337.4960344764686,1466.1948003557627,6907,1.9681789875030518
134,1351.5897827397653,1466.6347562265344,6956,1.9818978309631348
135,1351.5897827397653,1439.3305454345125,6996,1.9951322078704834
136,1351.5897827397653,1429.401343497838,7046,2.0096888542175293
137,1351.5897827397653,1444.0889953021565,7098,2.0231010913848877
138,1359.2886693672863,1473.4294161118885,7143,2.036463737487793
139,1343.074841274205,1437.2595455028438,7191,2.0507845878601074
140,1336.118812587635,1440.3766619260668,7233,2.064347505569458
141,1336.118812587635,1474.9693155431696,7280,2.079068422317505
142,1336.118812587635,1438.5297478626644,7328,2.09273362159729
143,1336.118812587635,1465.587128241487,7379,2.1067426204681396
144,1350.5499885873207,1442.6991539615542,7430,2.1206188201904297
145,1350.5499885873207,1433.9685316898986,7477,2.1342315673828125
146,1350.5499885873207,1482.9836390037133,7533,2.1480305194854736
147,1350.5499885873207,1457.1197245877652,7585,2.1618916988372803
148,1329.7866459266286,1471.8813071898333,7637,2.1758601665496826
149,1329.7866459266286,1478.7983560484877,7690,2.1895687580108643
150,1329.7866459266286,1437.7631657042048,7745,2.203800678253174
151,1329.7866459266286,1452.6195555503537,7801,2.217909812927246
152,1338.7731430940428,1451.569031722866,7861,2.2321858406066895
153,1338.7731430940428,1415.379544487105,7906,2.246506452560425
154,1338.7731430940428,1439.920088480507,7959,2.260361909866333
155,1338.7731430940428,1451.3617078387554,8002,2.2736589908599854
156,1363.807449125223,1471.9292198135602,8051,2.2868900299072266
157,1357.183917401146,1457.5188619683083,8096,2.3008172512054443
158,1309.379804995215,1454.9781584248942,8151,2.315445899963379
159,1309.379804995215,1403.1715174732306,8196,2.3291661739349365
160,1309.379804995215,1399.137111449068,8239,2.343522548675537
161,1309.379804995215,1390.524743733384,8287,2.357117176055908
162,1318.322837597313,1474.829586205413,8341,2.3710665702819824
163,1310.5992178571973,1391.3906128154144,8388,2.3849527835845947
164,1310.5992178571973,1387.3919899226544,8434,2.3984389305114746
165,1310.5992178571973,1410.691662090212,8483,2.4124908447265625
166,1310.5992178571973,1401.2638543105907,8532,2.426126480102539
167,1279.523499326626,1408.0044152476412,8585,2.4410665035247803
168,1279.523499326626,1373.2048070890148,8632,2.4545135498046875
169,1279.523499326626,1368.2553488413078,8681,2.469574213027954
170,1279.523499326626,1362.1805583448356,8730,2.484557628631592
171,1279.7904559748672,1460.176649564287,8790,2.499061107635498
172,1299.5473676840384,1400.040576580595,8840,2.514072895050049
173,1299.8139890117877,1428.0456330206637,8896,2.5283830165863037
174,1151.4539195492848,1404.436161415828,8952,2.5428433418273926
175,1151.4539195492848,1345.1262204574373,8999,2.557234525680542
176,1151.4539195492848,1338.9926037824482,9046,2.5715091228485107
177,1151.4539195492848,1333.6925343300913,9092,2.586143970489502
178,1224.659381990379,1390.3800343711512,9145,2.6006553173065186
179,1086.6249622753332,1318.703856732186,9193,2.616133451461792
180,1086.6249622753332,1308.382053456501,9235,2.6310272216796875
181,1086.6249622753332,1300.26678476113,9281,2.6461453437805176
182,1086.6249622753332,1294.487879331774,9325,2.6604433059692383
183,1225.534737051009,1403.9740721355004,9385,2.676429033279419
184,1082.7535202914946,1281.1991540356687,9434,2.6905391216278076
185,1082.7535202914946,1262.6535616057895,9479,2.704272508621216
186,1082.7535202914946,1254.5078341336375,9526,2.718418598175049
187,1082.7535202914946,1245.2621890602684,9578,2.7325382232666016
188,1108.0143682329283,1299.4039053750441,9632,2.7469844818115234
189,967.2711950686391,1243.9374060536838,9679,2.7621357440948486
190,967.2711950686391,1213.0148286312037,9727,2.7765045166015625
191,967.2711950686391,1191.938815984968,9772,2.790193796157837
192,967.2711950686391,1163.0536280600197,9826,2.8039963245391846
193,1079.9295643748137,1213.0214611507045,9871,2.817606210708618
194,1079.9295643748137,1175.1008560216603,9928,2.832047462463379
195,1075.1259633884877,1156.2837433180105,9981,2.846079111099243
196,1053.5669714857606,1130.1356961088384,10031,2.8598015308380127
197,1029.9588112145198,1133.107549630911,10072,2.8736579418182373
198,1026.6890563059028,1127.740289268492,10120,2.887482166290283
199,1026.6890563059028,1106.6122890523295,10170,2.901548385620117
200,1026.6890563059028,1130.357495294265,10220,2.9156765937805176
201,1010.4727267320837,1094.4833583435072,10271,2.929731607437134
202,1010.4727267320837,1102.0786319169526,10313,2.9433791637420654
203,1010.4727267320837,1124.0866824011807,10362,2.9575002193450928
204,1010.4727267320837,1094.1341863368602,10416,2.971231698989868
205,1002.9447853649126,1147.3699553875194,10470,2.985736131668091
206,906.0776093907031,1140.470028900051,10524,3.0003557205200195
207,906.0776093907031,1053.464260969732,10571,3.0154025554656982
208,906.0776093907031,1047.8285329879882,10616,3.029431104660034
209,906.0776093907031,1039.8883878671595,10665,3.044188976287842
210,964.8647937124282,1135.6121339710699,10718,3.05910587310791
211,2.2973874742463067,1036.5061593417126,10761,3.0741796493530273
212,2.2973874742463067,988.1663958338336,10807,3.088270425796509
213,2.2973874742463067,986.4485787436411,10851,3.102341651916504
214,2.2973874742463067,979.9069133381507,10896,3.1164944171905518
215,332.4234273544066,1191.8065099701278,10953,3.1304845809936523
216,216.6445697484885,1042.957557671355,11001,3.1442909240722656
217,216.6445697484885,1043.5768519049116,11052,3.158031702041626
218,216.6445697484885,1034.9074023114185,11104,3.1722209453582764
219,216.6445697484885,1001.8044315889853,11149,3.1857287883758545
220,894.1212058308149,1066.7507303611683,11197,3.1990935802459717
221,852.4859675362559,1053.464514460017,11253,3.2137069702148438
222,831.6538479950261,1038.4518322628096,11311,3.227895736694336
223,580.0954168545621,1018.7361691420815,11355,3.242009162902832
224,580.0954168545621,1020.9855055547915,11401,3.2561593055725098
225,580.0954168545621,1012.7069906789148,11447,3.270347833633423
226,580.0954168545621,1140.3343377305575,11505,3.2842531204223633
227,853.9130155649038,1112.3026799193444,11561,3.2992899417877197
228,853.9130155649038,1063.6118068636306,11612,3.3131186962127686
229,853.9130155649038,1120.2625853664986,11665,3.326942205429077
230,853.9130155649038,1045.8468177509603,11718,3.341005325317383
231,892.1908218945273,1112.8395033415434,11774,3.3553457260131836
232,897.9357062976973,1070.627004819351,11826,3.3689396381378174
233,897.9357062976973,1059.1738545506946,11879,3.383864641189575
234,897.9357062976973,1203.741242463163,11946,3.397779703140259
235,893.5940324638353,1082.494163162956,12003,3.4122772216796875
236,893.5940324638353,1078.8402148255097,12061,3.4261248111724854
237,893.5940324638353,1058.0345990585238,12114,3.4412682056427
238,893.5940324638353,1042.1748303080722,12164,3.455712080001831
239,895.912920142669,1121.5115483419115,12220,3.470290184020996
240,895.912920142669,1130.7388108794685,12279,3.484851121902466
241,895.912920142669,1046.9884473601956,12332,3.498319625854492
242,912.041211312234,1087.2225596342116,12387,3.5132532119750977
243,912.041211312234,1047.7553419728936,12429,3.5263633728027344
244,910.93619514538,1061.1599306483658,12472,3.5405642986297607
245,864.0970848882591,1036.507450871664,12514,3.5540952682495117
246,864.0970848882591,1175.6324032815617,12566,3.5678133964538574
247,864.0970848882591,1052.5448089138044,12610,3.581874132156372
248,864.0970848882591,1036.8153021281096,12660,3.5953938961029053
249,832.9149026371151,1086.5819037996373,12718,3.6097190380096436
250,832.9149026371151,993.7939490733254,12762,3.623788833618164
251,828.3014886722625,955.9454298176356,12811,3.637646198272705
252,725.2087634775189,968.5206357296181,12860,3.6513233184814453
253,725.2087634775189,966.23110880761,12907,3.6652543544769287
254,725.2087634775189,956.9355500078709,12952,3.6803855895996094
255,709.5644882946921,967.6799744112358,12999,3.694220542907715
256,709.5644882946921,1035.1791152976054,13048,3.7091805934906006
257,709.5644882946921,968.5981626120467,13099,3.7233550548553467
258,709.5644882946921,1012.2535005451876,13148,3.7374062538146973
259,792.4442025074022,970.5794685335912,13198,3.7521681785583496
260,792.4442025074022,950.9924902504055,13247,3.7660112380981445
261,792.4442025074022,992.8064185956572,13303,3.7799651622772217
262,850.4194714862776,1008.9536192096135,13352,3.7937843799591064
263,835.5765689622056,961.5700472025212,13397,3.807373523712158
264,835.5765689622056,973.4728561034751,13448,3.8216652870178223
265,686.4109257820204,1065.0578465252695,13505,3.8355588912963867
266,686.4109257820204,1052.4413532107471,13563,3.8500795364379883
267,686.4109257820204,981.180480488027,13616,3.8640120029449463
268,686.4109257820204,1054.4456065686193,13679,3.8781955242156982
269,724.3118995062339,1019.8648761811062,13735,3.892153024673462
270,724.3118995062339,1034.369466831492,13781,3.9060280323028564
271,724.3118995062339,989.951870153573,13834,3.9202308654785156
272,795.5718689125652,969.1582067441717,13887,3.9343771934509277
273,789.6840057341356,957.7063950550612,13941,3.948376417160034
274,789.6840057341356,957.9423844786508,13991,3.9619858264923096
275,618.9962250021563,951.6513922840434,14047,3.9757962226867676
276,618.9962250021563,945.8275262534519,14095,3.989718198776245
277,498.3483214926598,989.045628767712,14149,4.004455804824829
278,498.3483214926598,955.1063448085645,14196,4.018694877624512
279,205.86275414888905,986.2889982343426,14250,4.032994270324707
280,205.86275414888905,971.7238791225146,14296,4.046546220779419
281,205.86275414888905,951.9271240899383,14344,4.060492753982544
282,205.86275414888905,935.6530243162198,14399,4.075357913970947
283,66.18824848602446,967.9364569830385,14454,4.089128255844116
284,66.18824848602446,857.5364406778864,14497,4.102842569351196
285,2.056752935539862,909.0672747062787,14543,4.116617202758789
286,2.056752935539862,779.3348480531303,14582,4.130149841308594
287,2.056752935539862,766.3716372598886,14624,4.143749713897705
288,2.056752935539862,741.3526307361088,14671,4.158128976821899
289,246.956511153699,976.4709483829675,14723,4.171838760375977
290,246.956511153699,929.1825356446063,14773,4.186144590377808
291,237.72528432261072,872.1370742822703,14822,4.199925422668457
292,237.72528432261072,1039.3881112696304,14879,4.214082956314087
293,22.76661911525457,877.964290230861,14928,4.227933645248413
294,16.918585597134097,909.3486459697341,14984,4.242460250854492
295,4.37207531126262,826.6192833288886,15041,4.256996154785156
296,4.37207531126262,804.5319904857922,15090,4.271190881729126
297,4.37207531126262,756.8687480475575,15137,4.284820556640625
298,4.37207531126262,805.1484374807198,15182,4.298829078674316
299,65.33755331073007,953.8486977590609,15242,4.313660144805908
300,65.33755331073007,881.2877206119605,15298,4.327633857727051
301,386.4738263707535,975.7361410037212,15354,4.342012166976929
302,386.4738263707535,866.3956469768881,15404,4.355822801589966
303,151.23683738073123,811.1146285476912,15454,4.369448900222778
304,151.23683738073123,858.3813223405328,15498,4.3835289478302
305,151.23683738073123,872.3090418373139,15546,4.397504091262817
306,151.23683738073123,857.7195767199092,15594,4.412501096725464
307,235.0751031623122,969.1254604214583,15647,4.427184820175171
308,235.0751031623122,826.8328515779716,15692,4.44159722328186
309,235.0751031623122,871.8738369864626,15744,4.456658124923706
310,20.551536353944925,900.6987276923163,15797,4.471805095672607
311,9.451601373785138,837.5857720602781,15851,4.486042499542236
312,9.451601373785138,847.971689927622,15907,4.500120401382446
313,9.451601373785138,850.772315502035,15952,4.514066934585571
314,9.451601373785138,928.2970940698674,16000,4.527527809143066
315,156.55234580069373,906.7089313557535,16061,4.541294813156128
316,156.55234580069373,859.1830567196498,16119,4.556312322616577
317,50.62091524713526,886.3757941437851,16164,4.569923162460327
318,50.62091524713526,845.0020803287301,16203,4.5840137004852295
319,50.62091524713526,843.2462006019321,16243,4.597323179244995
320,50.62091524713526,924.2959543707528,16292,4.611598253250122
321,237.0120728274576,878.5477498660932,16333,4.624908924102783
322,185.94671429941366,842.1418251202008,16387,4.639150142669678
323,185.94671429941366,953.0335747992344,16437,4.653801202774048
324,185.94671429941366,875.5449427747949,16484,4.667279243469238
325,140.8650296008591,804.1687416110468,16528,4.681103706359863
326,140.8650296008591,839.0020262605736,16574,4.6952736377716064
327,140.8650296008591,882.8698816325202,16624,4.709574460983276
328,82.06548556479777,816.1012662224176,16675,4.724171876907349
329,82.06548556479777,831.4742689338949,16724,4.740155458450317
330,47.82101960140665,788.6777980426644,16773,4.755361080169678
331,21.51360204624882,796.2286506922218,16816,4.769510507583618
332,21.51360204624882,782.2563002283971,16864,4.7835094928741455
333,21.51360204624882,747.1498040704985,16916,4.797945737838745
334,21.51360204624882,740.7472291158787,16957,4.812798738479614
335,14.773522510283442,793.4214930793403,16999,4.826486587524414
336,14.773522510283442,792.112771475841,17046,4.839997053146362
337,14.773522510283442,760.6889533742996,17090,4.854073762893677
338,13.425737545861125,806.8213740216157,17145,4.868026494979858
339,13.425737545861125,729.1269851416968,17192,4.881581783294678
340,1.5691048882970335,637.1067284016121,17237,4.895221948623657
341,1.5691048882970335,611.2195992376313,17284,4.9092583656311035
342,1.5691048882970335,601.1572659089147,17335,4.924083709716797
343,1.5691048882970335,585.4785179283045,17381,4.938112258911133
344,121.47409100929622,950.0415234978487,17437,4.953150987625122
345,121.47409100929622,741.2692555596227,17482,4.967096567153931
346,6.76236971893718,740.5021106342504,17538,4.981167316436768
347,6.76236971893718,693.6769879197872,17582,4.994959354400635
348,6.76236971893718,708.9731592703271,17636,5.009307146072388
349,6.76236971893718,662.398366207994,17686,5.023837327957153
350,166.5586003637327,900.9689804141693,17743,5.0378875732421875
351,166.5586003637327,812.506691002911,17795,5.052567481994629
352,168.68225125809795,829.9167283113972,17856,5.066883087158203
353,140.42753528652872,762.6065629341354,17912,5.080471515655518
354,62.885578615724626,741.2571092802975,17964,5.093950033187866
355,13.767694184795914,750.9434376600624,18023,5.108304262161255
356,13.767694184795914,767.9883483709236,18075,5.12200665473938
357,13.767694184795914,701.8655495232837,18121,5.135225057601929
358,13.767694184795914,678.147846762977,18171,5.14932656288147
359,80.98122146864296,787.889283820634,18222,5.162909269332886
360,57.74850546393304,728.2288165337125,18275,5.176366329193115
361,57.74850546393304,650.7040457741574,18320,5.189774513244629
362,57.74850546393304,619.4019493726886,18363,5.203390836715698
363,57.74850546393304,586.988008068858,18403,5.2168567180633545
364,120.77572382943936,618.5765265062324,18455,5.230742454528809
365,99.64978276957925,623.5805504540177,18503,5.2443811893463135
366,88.18384440736418,595.6395600865173,18550,5.2585601806640625
367,81.93946329731568,555.5624028926125,18597,5.272736072540283
368,81.62388570207224,574.0364230995589,18650,5.2861504554748535
369,81.62388570207224,542.2204987996332,18704,5.300435781478882
370,52.977075304483606,462.9480540799105,18749,5.314728736877441
371,52.977075304483606,525.805391597042,18804,5.32883882522583
372,52.977075304483606,502.91656294158105,18852,5.342374324798584
373,52.977075304483606,551.205175223309,18900,5.356823682785034
374,64.3710317726484,469.5567135922409,18949,5.370461940765381
375,28.092645034632937,521.3782885291458,18999,5.384406566619873
376,28.092645034632937,487.76993159381175,19051,5.398266077041626
377,11.32429055793034,490.106307571145,19105,5.412632703781128
378,11.32429055793034,495.63565491322544,19160,5.42725396156311
379,11.32429055793034,588.2127082702427,19217,5.442262411117554
380,11.32429055793034,453.72606082826616,19264,5.4566967487335205
381,9.822679740151216,414.0568178752191,19308,5.471041202545166
382,9.822679740151216,386.1254586393821,19359,5.485830783843994
383,9.822679740151216,497.45932814849834,19412,5.499777317047119
384,9.822679740151216,389.67969091410475,19463,5.5147716999053955
385,8.014416882196542,565.7267151576247,19519,5.529000997543335
386,8.014416882196542,411.8057870018079,19565,5.542754650115967
387,8.014416882196542,425.861263148311,19618,5.556441783905029
388,8.014416882196542,424.8290028387392,19666,5.570153713226318
389,5.368640595124589,513.7718139392796,19724,5.584458351135254
390,1.112705324714284,391.5825999466879,19777,5.598594903945923
391,0.5920197572727375,280.71637868244585,19829,5.612826347351074
392,0.5920197572727375,275.3271895658534,19880,5.626339673995972
393,0.5920197572727375,268.5969147871585,19924,5.639823913574219
394,0.5920197572727375,267.6275281371505,19968,5.653417348861694
395,0.5013185559747626,613.7807902305647,20016,5.667350769042969
396,0.5013185559747626,268.08974437930334,20061,5.680783033370972
397,0.5013185559747626,225.02865586122957,20119,5.695133924484253
398,0.5013185559747626,202.79692525086438,20174,5.709288120269775
399,0.8715634913820622,274.7479894920478,20225,5.723677158355713
400,0.8715634913820622,300.4877449604706,20276,5.737847328186035
401,19.931764790974967,414.13330365455465,20334,5.753040313720703
402,19.931764790974967,411.611902041117,20390,5.76774001121521
403,20.516157738044967,528.9585360341487,20454,5.783446550369263
404,10.754813214424075,330.33372324304366,20511,5.79838490486145
405,9.162586259917703,356.65343241114647,20565,5.813232660293579
406,6.624892852275366,402.0383748050137,20624,5.828142881393433
407,6.624892852275366,298.10361567688705,20679,5.8440539836883545
408,6.624892852275366,555.302175558429,20743,5.858425617218018
409,6.624892852275366,415.4269641468205,20805,5.873809337615967
410,1.3789153118153763,456.6393735968042,20871,5.88836407661438
411,1.3789153118153763,380.5099432121973,20932,5.9031853675842285
412,1.3789153118153763,341.54523562265615,20984,5.917819499969482
413,1.3789153118153763,448.62895881808316,21044,5.93189811706543
414,2.217242598461212,558.5794804061966,21112,5.946969509124756
415,2.217242598461212,390.355322862071,21178,5.960989952087402
416,2.217242598461212,407.9788763975499,21241,5.975070953369141
417,2.217242598461212,368.9714535009696,21298,5.989098072052002
418,5.372004403058554,477.6751769556045,21363,6.00334358215332
419,4.37146981007993,431.3547347299009,21421,6.017281770706177
420,2.9279528823761893,301.97147258944403,21487,6.031614303588867
421,2.9279528823761893,241.27224990052727,21536,6.045801639556885
422,2.9279528823761893,310.64380199155363,21588,6.059960126876831
423,2.9279528823761893,342.1621164683098,21640,6.073884963989258
424,8.242748613413937,453.20750389513256,21696,6.087444305419922
425,5.362545107203005,389.93992058249466,21751,6.10177206993103
426,5.362545107203005,397.25292187376965,21805,6.115877866744995
427,5.362545107203005,396.46425890112175,21866,6.129700660705566
428,5.362545107203005,285.0762086507957,21919,6.143370151519775
429,11.018077074562939,429.89367110446506,21977,6.158129453659058
430,9.938473398220026,293.34172500215044,22028,6.17311954498291
431,9.938473398220026,427.06595747027916,22083,6.187122344970703
432,4.962261023445421,373.10610809665667,22137,6.2016096115112305
433,4.962261023445421,337.0758582260721,22190,6.216413974761963
434,4.962261023445421,457.69462705149016,22247,6.230810880661011
435,4.962261023445421,361.2943978742536,22301,6.245793342590332
436,29.46274220729515,494.28827217907275,22365,6.260524272918701
437,29.46274220729515,307.40296234800155,22412,6.275535345077515
438,29.46274220729515,329.0798075986972,22454,6.288620471954346
439,39.855433404879705,392.88354209111316,22503,6.302038192749023
440,27.50532924876768,271.5681984767114,22558,6.31609582901001
441,16.883896787819822,312.9683330935806,22612,6.329967021942139
442,16.883896787819822,246.97690711139617,22661,6.34385871887207
443,13.916691684366697,273.8387314104822,22713,6.3574700355529785
444,13.916691684366697,250.84768923509333,22765,6.3710527420043945
445,12.254279983570314,365.99686364833383,22818,6.384740591049194
446,8.509958693754243,211.73260615625802,22870,6.398446798324585
447,8.509958693754243,236.08622416534516,22924,6.412614107131958
448,8.509958693754243,235.39895396422608,22982,6.426618337631226
449,8.509958693754243,352.010460856853,23038,6.440659761428833
450,11.408296763413432,268.4160147152705,23094,6.4549713134765625
451,11.408296763413432,417.5962383541395,23160,6.470778942108154
452,11.391324662718603,151.26054143615565,23218,6.484773635864258
453,9.63285802671362,344.4766423289119,23280,6.498790979385376
454,8.045910715132436,205.19118267169506,23335,6.5133490562438965
455,7.969369328937887,220.4615531487804,23386,6.52765965461731
456,7.969369328937887,251.33982259624833,23433,6.541175842285156
457,7.969369328937887,375.2788920134344,23484,6.555449724197388
458,4.052194922735225,286.48994147324487,23540,6.569225788116455
459,3.255346402265104,351.9929687660773,23596,6.583576679229736
460,2.156563610262083,288.8056212607549,23651,6.598015785217285
461,2.006951702147603,316.6534153310003,23706,6.612411022186279
462,2.006951702147603,333.6174439181543,23760,6.625946044921875
463,2.006951702147603,201.11370596517978,23808,6.639733791351318
464,2.006951702147603,428.2573145796347,23864,6.654676914215088
465,7.056110757697866,366.2548629455335,23917,6.668853759765625
466,3.6394673922538914,216.78742963564616,23963,6.682522296905518
467,2.819436535492059,400.9652493436557,24016,6.696242094039917
468,2.819436535492059,347.1331128039593,24067,6.710415363311768
469,2.819436535492059,260.295936936283,24117,6.724544525146484
470,2.819436535492059,288.4897447968973,24160,6.738243579864502
471,92.16926162272318,256.5644142362741,24213,6.752381801605225
472,92.16926162272318,169.08988359619644,24268,6.766625881195068
473,93.28298193058151,169.8175727946153,24319,6.78064227104187
474,93.28298193058151,200.6378655478379,24371,6.794919490814209
475,90.02064560350493,257.178960609552,24428,6.809343099594116
476,87.87646899966535,312.5094719645649,24478,6.82278037071228
477,86.26219395874102,191.06613154675648,24525,6.836909532546997
478,85.64722959507253,209.7532601959588,24587,6.85201358795166
479,83.75461034081798,93.56034313652192,24639,6.866244554519653
480,81.75280405704711,120.3878002068148,24691,6.879983186721802
481,79.94964636764905,118.08357945326586,24735,6.893349885940552
482,78.94177443884473,267.79749611497004,24791,6.907244920730591
483,76.77324832580734,199.0363886647193,24846,6.921480655670166
484,73.1410809414134,111.32104626602715,24901,6.935121774673462
485,72.9929291416679,140.95516273398022,24954,6.949252367019653
486,72.9929291416679,110.0650301333486,25002,6.9630796909332275
487,70.30549496274375,137.86234090514125,25059,6.977022171020508
488,68.20292012644472,398.12104521078146,25122,6.990687608718872
489,66.3093740867414,286.8485063135394,25177,7.004706859588623
490,63.09839062201502,225.87246908628038,25226,7.018737316131592
491,63.09839062201502,139.05295947311967,25276,7.0327253341674805
492,62.705715883886455,219.4586409856311,25332,7.047482490539551
493,60.97767217957494,131.83461665024754,25388,7.061592102050781
494,60.2269407161524,127.60169826834728,25444,7.075502872467041
495,59.539057344820435,66.03330865880886,25491,7.088835716247559
496,57.50330087731902,95.40448357316781,25537,7.102429151535034
497,55.8006330446226,177.51859563153295,25588,7.11704683303833
498,55.00343559261967,60.08174698127598,25630,7.130741357803345
499,53.547902968295716,89.84387861394842,25682,7.145200729370117
500,53.19353093851191,149.01715371426127,25732,7.158967733383179
501,51.196176407294274,114.20327112897073,25789,7.1728363037109375
502,50.0519792724715,85.3084207637469,25837,7.186065435409546
503,48.83302958442391,234.96103549694925,25892,7.20034384727478
504,46.78593501778823,112.55925845631948,25950,7.214906692504883
505,46.39420143119844,176.7622302898703,26006,7.228572845458984
506,46.05111956635642,108.99903731436302,26055,7.242239713668823
507,45.17794236572922,81.74360009931647,26108,7.256306409835815
508,44.01508763649781,201.47245976400293,26159,7.270722389221191
509,43.19469040217268,204.3230386575543,26217,7.284719467163086
510,42.13430987929894,80.63453582694207,26261,7.298009395599365
511,40.972048702260736,77.99444500648927,26317,7.312357425689697
512,40.059253051572,160.3942626553514,26370,7.326154470443726
513,39.87425939017544,138.0005125966758,26418,7.339981555938721
514,38.49543348064674,107.15260113405006,26472,7.354033708572388
515,37.009633539953484,157.95538427238918,26522,7.367830038070679
516,36.12918727046042,197.11874080789346,26574,7.381830453872681
517,35.441792448429396,189.0841407995842,26626,7.395631790161133
518,35.43391169922984,128.4673795848433,26672,7.409788370132446
519,34.564673030105496,66.92856243485085,26725,7.423825263977051
520,33.04635837862236,216.8285217999904,26779,7.43752908706665
521,32.8337448589441,91.94707423003562,26833,7.452271223068237
522,32.427807178493254,96.78532843468618,26886,7.466305732727051
523,31.583497513250904,34.342427738509805,26936,7.480174541473389
524,30.857079778814978,64.19497390855172,26981,7.493816375732422
525,30.072432435337873,32.82227256922667,27027,7.507776498794556
526,29.433400584877404,32.23711101616286,27068,7.52149772644043
527,28.647636217191575,159.50828887028976,27131,7.535666227340698
528,28.26155430684048,122.01739872089003,27179,7.549569129943848
529,27.44582526404497,91.07775563060694,27237,7.563610315322876
530,27.065922314080353,62.02878830036766,27277,7.576659202575684
531,26.234241454209837,146.61270275181496,27339,7.591016054153442
532,25.851134746049638,57.13905929588359,27393,7.605457782745361
533,25.061580709111013,121.74383284208588,27455,7.619441270828247
534,24.69927610477191,118.72662845252577,27501,7.633317947387695
535,23.94485484537188,60.0617953912213,27545,7.646966457366943
536,23.00589021147357,142.89826575834,27607,7.660942077636719
537,22.929007901587852,117.15129377305617,27662,7.674992084503174
538,22.4865953290672,116.71106979391635,27718,7.688713312149048
539,21.972386160568703,90.33193557172937,27776,7.702639579772949
540,21.580717199480773,144.0525856237568,27822,7.717067003250122
541,20.99113344880834,208.67457306375962,27883,7.732006072998047
542,20.09383171678678,293.04872577886664,27935,7.747101306915283
543,19.653464856047663,207.430221962864,27988,7.760993003845215
544,19.63756595558482,21.83012930149041,28042,7.775988340377808
545,19.195786469800737,21.44910629994625,28093,7.790145397186279
546,18.79000355284427,84.19128568781592,28149,7.804625034332275
547,18.32390059688555,232.43618349785174,28203,7.818670988082886
548,17.507075261335103,295.2629317301423,28265,7.832846403121948
549,17.501345675644757,167.01799075171127,28317,7.84679102897644
550,17.14203727710651,47.267320716316284,28367,7.861027956008911
551,16.781834411070008,18.329079600498414,28426,7.875252962112427
552,16.436923531457637,181.47637003457788,28486,7.889916896820068
553,16.03085109889662,110.58953312947645,28540,7.904387712478638
554,15.716352205597218,78.65483063104716,28580,7.918002367019653
555,15.005496102055645,109.58784298131508,28630,7.932068347930908
556,14.626427040794397,139.58951512825087,28685,7.945884466171265
557,14.340873745066915,47.41629712124154,28733,7.959762811660767
558,13.971223575065665,81.14896010180675,28786,7.973965406417847
559,13.971223575065665,82.8613838659692,28837,7.988123893737793
560,13.667059791781753,134.82983019044732,28886,8.00285029411316
561,13.667059791781753,140.65673219810438,28939,8.016509056091309
562,13.090805360005561,135.84275059693806,28987,8.03029990196228
563,12.759357823350683,108.39827030584044,29033,8.04420781135559
564,12.48069678136551,45.67672244812279,29068,8.057671308517456
565,12.198531833474249,101.66743695579447,29115,8.071815729141235
566,11.672763731024702,74.5471053238798,29176,8.085949897766113
567,11.672763731024702,74.55609729445938,29223,8.099101543426514
568,11.419675328726726,12.408110373543275,29266,8.112734317779541
569,11.15365185959854,69.58668659355676,29323,8.127405166625977
570,10.892684282352093,76.38008433852683,29368,8.1410551071167
571,10.652770423928246,135.59424546504258,29407,8.154958963394165
572,10.414132689733378,70.46935705412946,29456,8.168508291244507
573,10.174064833981788,41.79864042206503,29508,8.182528018951416
574,10.174064833981788,100.64356433074109,29558,8.196512937545776
575,9.7185926071827,41.463933325743604,29598,8.210574865341187
576,9.50391540105511,103.75897049322704,29646,8.224135637283325
577,9.292558944595385,225.3974561396788,29702,8.238111972808838
578,9.090844829539833,97.8990850161098,29760,8.252386093139648
579,8.87456662015154,197.1806914106574,29811,8.266046524047852
580,8.677572111522181,72.23091699082238,29864,8.280169486999512
581,8.483190576548168,73.09292234153308,29913,8.293891191482544
582,8.286824070415832,155.31661398245748,29973,8.307997465133667
583,8.11923972712782,106.5788620004686,30029,8.322532892227173
584,7.931601870291615,8.654230666980395,30080,8.33640742301941
585,7.757944488907356,66.66365647427726,30129,8.350909233093262
586,7.406028445720494,229.61982379454878,30191,8.36495304107666
587,7.406028445720494,155.8226044009054,30241,8.383237361907959
588,7.229084030295212,36.79749622829319,30289,8.400597333908081
589,7.09105271281112,36.59087705571956,30337,8.414988040924072
590,6.906868013655753,165.60763895754445,30385,8.428887367248535
591,6.757756675110727,90.32557111535262,30451,8.443702220916748
592,6.603631522459523,40.232153241642045,30503,8.458441972732544
593,6.470940657362689,66.67461833336579,30564,8.47284722328186
594,6.312994297703767,6.8659834652928,30611,8.48689579963684
595,6.168516478542415,39.7474979083324,30651,8.500319480895996
596,6.038623858735491,6.511401310272252,30710,8.516072273254395
597,5.9037820693575895,65.66958462768122,30767,8.530527114868164
598,5.7632745371175815,132.48815829554323,30814,8.544636487960815
599,5.510336979855197,133.70354910028115,30881,8.559159278869629
600,5.503668050069564,6.02656864353634,30932,8.572632789611816
601,5.387798941388269,69.38655402923332,30977,8.58643102645874
602,5.261118462806735,70.76947687292753,31030,8.60058879852295
603,5.146010911869439,153.61289366440914,31074,8.614463806152344
604,5.023908511559171,63.98056249777141,31121,8.627979278564453
605,4.916811269837467,68.79291772618281,31170,8.641910791397095
606,4.806080815762812,97.61816877228162,31232,8.656601190567017
607,4.701067536502251,95.23948975387773,31290,8.670851707458496
608,4.586025709040086,35.42634320310769,31330,8.68425178527832
609,4.4918707596939385,4.912875901914263,31377,8.698042631149292
610,4.3839425423932425,69.81874003529948,31428,8.711832761764526
611,4.183967656938535,256.1305141909136,31483,8.726187705993652
612,4.093807315773347,308.25177574710347,31540,8.740803718566895
613,4.093807315773347,280.6322567794486,31596,8.755141735076904
614,4.002540475400679,96.2020315883254,31649,8.769282341003418
615,3.821217485938064,125.85858895318049,31698,8.783030033111572
616,3.743446848662529,134.55766747433736,31761,8.797696113586426
617,3.734740666683365,30.915041586594658,31809,8.811423540115356
618,3.6525725825323434,4.044252418778912,31864,8.82515835762024
619,3.5784454747162044,66.3415468638718,31910,8.839258909225464
620,3.4173996908597246,69.009346859609,31961,8.852819681167603
621,3.4152162967010327,63.37256214894127,32021,8.868120431900024
622,3.331881010090342,64.95713947209073,32068,8.882147550582886
623,3.264481207527524,3.57733639093452,32121,8.896185874938965
624,3.1846934404547937,155.93093803276548,32173,8.910073041915894
625,3.042156140896168,92.02428538804894,32225,8.924184799194336
626,3.0394697609648347,99.83608784536885,32291,8.93885350227356
627,2.9784243075570203,92.84294224718236,32343,8.953668117523193
628,2.90711045358546,63.01617081101957,32392,8.967580080032349
629,2.8470945101495317,161.39480674167038,32444,8.981111526489258
630,2.772557567691365,127.00881619064529,32499,8.994941234588623
631,2.719116803580391,67.70811004782261,32556,9.009304285049438
632,2.6535467335410203,65.52206723986392,32617,9.023674249649048
633,2.597393764521712,36.082576087127805,32657,9.036997318267822
634,2.535012466153262,67.39992351641241,32699,9.051162958145142
635,2.4815914261180296,35.43170737981204,32743,9.064838171005249
636,2.423205121894057,2.6442438530369583,32786,9.078339338302612
637,2.3703523636114596,95.28977423331584,32832,9.091907262802124
638,2.313790245058499,65.40447354666001,32869,9.105734586715698
639,2.263861565852835,68.38159917128719,32918,9.119781494140625
640,2.209292958024321,98.89747313919851,32972,9.133694648742676
641,2.1644202428799417,60.74359329997176,33021,9.147522211074829
642,2.113047750664464,66.81903772087873,33078,9.16184687614441
643,2.0669958629988514,61.07653835673055,33131,9.175379753112793
644,2.018560775956985,2.1830862401932563,33174,9.189274311065674
645,1.9747648326490435,2.130581057356475,33229,9.203608274459839
646,1.9281669369187284,34.6764181863317,33281,9.217605352401733
647,1.8864317163364603,31.97425487676686,33325,9.230855941772461
648,1.8429058917090515,1.9896567490618944,33376,9.244938373565674
649,1.8032148308591331,35.15219300185799,33440,9.259551048278809
650,1.7596820534186008,33.01743898968483,33488,9.27378797531128
651,1.7218097672630392,1.873120047705972,33527,9.287028551101685
652,1.6811291901067307,63.78451098316545,33568,9.301214456558228
653,1.6440341958074214,60.70692293860884,33633,9.31575608253479
654,1.607065779613663,154.14997122837477,33687,9.330061435699463
655,1.5697835476768205,61.62397719920922,33738,9.34361720085144
656,1.533805693874001,64.4842323800146,33789,9.35757827758789
657,1.5020534310076528,94.63145785707124,33843,9.371676206588745
658,1.4659619467987568,122.95623132296804,33890,9.385064363479614
659,1.4343410409470607,122.7738626299522,33945,9.39927339553833
660,1.3702722366775788,213.8672554306443,33987,9.413046836853027
661,1.3702722366775788,64.8406255156196,34042,9.427191972732544
662,1.3384916909941467,37.6837527544123,34094,9.441529273986816
663,1.309773142494123,124.42070188761701,34149,9.455991268157959
664,1.2781645943143758,62.142532696289976,34190,9.470095157623291
665,1.2206543061412276,32.12290269834734,34226,9.483843326568604
666,1.2206543061412276,157.7039848662566,34278,9.49726676940918
667,1.1948075370843299,91.15787035766311,34316,9.511343479156494
668,1.1665007704643813,61.5485995069831,34353,9.525144577026367
669,1.1415925107735347,122.36880182189046,34408,9.539500713348389
670,1.114318329714024,60.01061897783203,34445,9.553087711334229
671,1.0900367025643618,155.78293257497162,34485,9.566492557525635
672,1.064766336472303,123.31812885878385,34536,9.580522060394287
673,1.0418020561420462,33.02689796575671,34584,9.594600439071655
674,1.0172036790935408,91.07807745718131,34634,9.608762502670288
675,0.9952870445106328,1.0769262829736173,34685,9.622391939163208
676,0.9720940054760376,1.0537576545932439,34740,9.636328220367432
677,0.9505245910938811,30.596863721145642,34784,9.650408744812012
678,0.9285369558202774,1.0041583651635524,34831,9.66413927078247
679,0.9083791307346019,0.9765766495796963,34882,9.678195714950562
680,0.8875535249309223,66.39934582239967,34915,9.691889524459839
681,0.8678524633589859,29.438324413050996,34983,9.706888675689697
682,0.8470118166982274,90.8857045597258,35036,9.721515655517578
683,0.8090089413492478,27.91569578587713,35096,9.735983848571777
684,0.8090089413492478,33.14301688558752,35156,9.75115704536438
685,0.7923224064015812,31.530023391176744,35188,9.765251398086548
686,0.773873370368392,65.07266074891571,35249,9.779867887496948
687,0.7565386288987384,32.38298367530638,35289,9.79350209236145
688,0.7387352141240626,32.45975044489513,35353,9.807775974273682
689,0.7223610029728889,31.472231928932313,35401,9.821979999542236
690,0.7059003884165804,63.42982645868348,35458,9.835746765136719
691,0.6900934325365142,0.7572575842572841,35501,9.849722623825073
692,0.6739702592130925,88.65506420686965,35553,9.863956212997437
693,0.6593270081449418,93.6702222151914,35601,9.878162622451782
694,0.6593270081449418,95.94437428881743,35647,9.892011880874634
695,0.6297823310013655,90.84009642376718,35703,9.906489849090576
696,0.6014101160269547,189.11551728944113,35768,9.921112298965454
697,0.601403024255319,155.4056128600701,35818,9.935160160064697
698,0.5876261652106223,30.848347476687263,35868,9.949652194976807
699,0.5751379116768476,32.7582058489832,35920,9.963922262191772
700,0.5613647505283552,158.31944900510885,35972,9.978431463241577
701,0.5500929120288447,0.5988429638736211,36027,9.992820739746094
702,0.5368392833014468,90.46577987396692,36077,10.007400274276733
703,0.5246214805566751,125.58139135722826,36116,10.020610332489014
704,0.5128737480424661,61.31449616394435,36181,10.034764051437378
705,0.5014742930734428,92.5059180543037,36231,10.048747777938843
706,0.4788323832010519,154.34381956666866,36287,10.063255786895752
707,0.4673028789053433,0.5388373122632042,36330,10.077289819717407
708,0.45694725673149605,0.5183853671600521,36377,10.090961694717407
709,0.4467138635632182,0.49982334261218664,36436,10.105202198028564
710,0.44668611392853563,0.4835661913693059,36479,10.118766069412231
711,0.43795764266519654,0.47290048468030554,36544,10.13298749923706
712,0.4269674354908375,0.4601974829558003,36599,10.148029565811157
713,0.4180266456297659,0.4500358760715452,36646,10.161780595779419
714,0.4082646410151938,0.4442165107389637,36697,10.175616264343262
715,0.39856667880212626,0.43512851908382494,36733,10.188878297805786
716,0.38981801775105396,0.4260860169120463,36764,10.202162504196167
717,0.38119728616925386,0.41936337787338973,36817,10.216614961624146
718,0.3721243140327033,0.4082805999627491,36864,10.230540990829468
719,0.3639725835154195,0.39753445551566907,36903,10.244403839111328
720,0.3555924171582774,0.38797634101310147,36946,10.257924318313599
721,0.3477436788596151,0.37801957967360145,36993,10.272124290466309
722,0.3399102979079771,0.3687423546740244,37044,10.285862445831299
723,0.3323227433693319,0.3605344750113924,37095,10.299320697784424
724,0.3247656903185998,0.3527757540416436,37142,10.313200235366821
725,0.3173685871796579,0.34507516569591984,37185,10.32696270942688
726,0.31013125590118307,0.338448653740672,37228,10.340530395507812
727,0.30328475934004473,0.3314597533287402,37267,10.354182720184326
728,0.29615462259118885,0.3244866942903191,37306,10.367587327957153
729,0.2896536790300388,0.3175254581250613,37345,10.380922079086304
730,0.2830785291025677,0.30940966052438623,37380,10.394319534301758
731,0.2768080718387864,0.30216637378888245,37427,10.408162355422974
732,0.270449326035191,0.29464348436591575,37466,10.421473026275635
733,0.2644760829259667,0.2866525518925622,37509,10.43510627746582
734,0.25836639278725215,0.28057696043696484,37560,10.449078559875488
735,0.2525350176401844,0.27375002340673216,37607,10.462604284286499
736,0.246800578992179,0.26786148981252417,37650,10.476953029632568
737,0.246800578992179,0.26480758508807106,37697,10.491087913513184
738,0.23566354001627587,0.2589878661017508,37748,10.505833387374878
739,0.2305531245893917,0.2521013485310599,37815,10.52054238319397
740,0.2251290616101187,0.24612365735029015,37866,10.534715414047241
741,0.22041230936804368,0.24089941770561343,37921,10.549097061157227
742,0.21516837247384046,0.23438754622699395,37968,10.562779426574707
743,0.21048048370573724,0.22835249716447,38011,10.576172351837158
744,0.20546237617020324,0.2224732618495447,38058,10.589986324310303
745,0.20102288813461655,0.21838168263037688,38113,10.603760719299316
746,0.19626896093950563,0.21384997482162477,38152,10.617348670959473
747,0.1919620452373465,0.21071112843065976,38187,10.630748271942139
748,0.1873950285214505,0.20488605522299963,38246,10.646122217178345
749,0.18348293454346276,0.20096155030602744,38301,10.661034107208252
750,0.17912993872062088,0.19537591408438668,38344,10.674828052520752
751,0.17526651248329017,0.19130627648780774,38391,10.688202619552612
752,0.17115051815756033,0.18633273709033535,38430,10.701634407043457
753,0.16736326392776846,0.1837377657344632,38469,10.715725660324097
754,0.1635012347940119,0.18042600998991248,38528,10.730367660522461
755,0.1561099095405325,0.1746927688040349,38571,10.744884252548218
756,0.1561099095405325,0.17257503214521155,38618,10.7591233253479
757,0.15273804911828393,0.16715578391759892,38667,10.773280620574951
758,0.14930011541559907,0.16360608025539894,38706,10.787179470062256
759,0.14598629681017883,0.16038901588069432,38749,10.800556421279907
760,0.14238330211753691,0.1571971120699838,38784,10.814913272857666
761,0.1393213014896446,0.1529454601985454,38847,10.829655408859253
762,0.13617775941463606,0.14794298608686443,38896,10.843915939331055
763,0.13316802339352307,0.1453720155435595,38951,10.85812258720398
764,0.13015795738931502,0.1423097496442021,38994,10.873165369033813
765,0.12707787924330205,0.1386602694316082,39029,10.886502504348755
766,0.12435063096427257,0.13463790067020417,39068,10.900153398513794
767,0.12159400119548991,0.1330583560013243,39123,10.915245771408081
768,0.11872243973277818,0.13025710481994868,39158,10.928712129592896
769,0.11595969459040134,0.12708966575746292,39207,10.942634105682373
770,0.11353743712936648,0.1251233244502733,39258,10.95658016204834
771,0.11090280790392626,0.12161845394206808,39305,10.970176458358765
772,0.1084781321386572,0.11904756864316823,39344,10.983590364456177
773,0.10588957354480044,0.1172964336802219,39383,10.99693751335144
774,0.10349543012068807,0.11386251945802618,39442,11.011168003082275
775,0.10108704190986373,0.11094235613733,39493,11.025266885757446
776,0.09899815925029998,0.10780911558556644,39548,11.039268970489502
777,0.09674471798882678,0.10585624010765855,39603,11.053911924362183
778,0.09457589552198442,0.10291776215134216,39638,11.067639350891113
779,0.09457589552198442,0.10142390919095495,39677,11.080585479736328
780,0.09024821844832331,0.0981896460213136,39726,11.0938401222229
781,0.08818900430026133,0.09696811509296974,39773,11.10818338394165
782,0.08631716774789311,0.09456389809322256,39824,11.122126579284668
783,0.08424339086195687,0.09309975622355182,39863,11.135547399520874
784,0.0824167242810745,0.0901371517759704,39926,11.150094509124756
785,0.08052437883088714,0.08827595857876153,39965,11.164668798446655
786,0.07879663283165428,0.08573787060884494,40008,11.178661108016968
787,0.07688413546145512,0.08334822652233242,40063,11.192803859710693
788,0.07527740418117901,0.08148961217811082,40114,11.207652568817139
789,0.07344747521824502,0.07973051889152885,40161,11.222081422805786
790,0.07194088502046725,0.07879928755475589,40208,11.23600172996521
791,0.07012620722798601,0.07679569313271487,40275,11.251350402832031
792,0.06868198045481222,0.07538013047013882,40324,11.26608395576477
793,0.06703240932665722,0.07357980603000366,40371,11.280320644378662
794,0.0656340753001814,0.07221459248314849,40414,11.294010877609253
795,0.06398022403539017,0.0705408801794666,40449,11.307502269744873
796,0.06271769568468244,0.0693145617748409,40498,11.321356773376465
797,0.06111911010714266,0.06756522238274178,40541,11.334853410720825
798,0.059882922260726446,0.06581405106996385,40590,11.349070310592651
799,0.05840782375582876,0.06351819173836665,40629,11.36245322227478
800,0.057262494528004027,0.06177091978817278,40692,11.376736640930176
801,0.05581015293250857,0.06097358860284506,40755,11.391063690185547
802,0.05472091886019825,0.06013988137328852,40786,11.404430627822876
803,0.05220721039313503,0.05876121865354473,40837,11.418488502502441
804,0.05089373148859977,0.0574294790538526,40876,11.432799577713013
805,0.049904787959576424,0.05624092612424079,40923,11.447498798370361
806,0.049904787959576424,0.05533278224502093,40974,11.461951971054077
807,0.04861954460477591,0.05369944249414213,41022,11.476882457733154
808,0.04773000843442787,0.05225393601369509,41057,11.490798711776733
809,0.046433323833298346,0.050633721730626274,41101,11.505659341812134
810,0.045575331622558224,0.04923902156054775,41152,11.52047610282898
811,0.044365070858589206,0.04822304510675698,41207,11.534944772720337
812,0.043541228706885704,0.04694117730718025,41258,11.549548149108887
813,0.04238043425652904,0.045906536216176616,41305,11.563412427902222
814,0.041617061683041356,0.04498030103919746,41356,11.577433347702026
815,0.04046527885793694,0.04385153071175788,41407,11.591323375701904
816,0.03974991963491448,0.04262272004536385,41458,11.605413436889648
817,0.03869528218024243,0.041970619907702185,41521,11.619162797927856
818,0.03798268524747073,0.04123557637970331,41572,11.633158922195435
819,0.03692277632171681,0.040542832311592746,41603,11.646325588226318
820,0.03525384334250248,0.039905633225095015,41648,11.659943342208862
821,0.03525140929616555,0.039053663744442704,41695,11.674386739730835
822,0.033679812632499306,0.038019126228995975,41746,11.688313007354736
823,0.033679812632499306,0.036945293343685154,41803,11.704169988632202
824,0.03316072727386654,0.035682661801630884,41850,11.717920303344727
825,0.03221419471753961,0.03521549449411433,41893,11.732880353927612
826,0.03163649926932521,0.034190770022555245,41936,11.747361898422241
827,0.03072948219266891,0.03346390765902356,41975,11.761109352111816
828,0.030252276186160998,0.03280417724731706,42022,11.775148630142212
829,0.02935603109153817,0.03192413219225424,42073,11.789615154266357
830,0.028891248855984486,0.031047008982485143,42116,11.80295443534851
831,0.028054031147235037,0.030693468878674444,42171,11.8173508644104
832,0.02761483603205761,0.030010640665449274,42214,11.830846548080444
833,0.026782321858718205,0.029445919274765704,42245,11.844670295715332
834,0.026368908330482554,0.02883354487406109,42287,11.858402013778687
835,0.02556931651361083,0.028285792238150028,42346,11.87307596206665
836,0.02519518539747878,0.027803980386789818,42409,11.887325763702393
837,0.024410885099428015,0.02715941249023217,42460,11.90120244026184
838,0.02408285634510321,0.026479242694610623,42497,11.914849042892456
839,0.023331751314117355,0.025769192075889197,42558,11.929533004760742
840,0.022996427892735483,0.025036433630233054,42597,11.943568706512451
841,0.02231059961138726,0.02430309010138861,42645,11.957510232925415
842,0.02200380045746897,0.023817348251198685,42704,11.971207618713379
843,0.021311532224217444,0.023402964385612297,42747,11.985076427459717
844,0.02097913841976151,0.022840482087648675,42796,11.999665260314941
845,0.020057059386886067,0.022111119366331877,42852,12.014071226119995
846,0.020057059386886067,0.02153051885101718,42911,12.028567790985107
847,0.020042980080916095,0.02110664830172103,42974,12.043136835098267
848,0.01916060727023705,0.02058378378829957,43037,12.05910849571228
849,0.0185750111490961,0.020183113818183072,43076,12.073870658874512
850,0.01832287499951235,0.019888974488971676,43119,12.08811616897583
851,0.01773694645089563,0.01951361471051314,43163,12.10237717628479
852,0.016944324890346252,0.019038365509701786,43214,12.117114305496216
853,0.016944324890346252,0.018575204631774037,43268,12.132057428359985
854,0.01671663755314512,0.018153679069664957,43323,12.146957874298096
855,0.016192674458466172,0.017789295026521282,43374,12.161240577697754
856,0.01595492265357734,0.01740268568797584,43409,12.174721956253052
857,0.015457031607638783,0.016962473959464812,43467,12.188497543334961
858,0.015250978008907623,0.01666452712810269,43510,12.20218801498413
859,0.014774235608115305,0.01629477835621363,43566,12.217023849487305
860,0.014570979465361233,0.015946385080337678,43609,12.230665922164917
861,0.01410489579473051,0.015550112625896872,43644,12.244452714920044
862,0.013913778808046118,0.015158353950202279,43675,12.258421421051025
863,0.013913778808046118,0.014857233186387476,43735,12.272850751876831
864,0.013300582681836204,0.014525306375492163,43778,12.286337852478027
865,0.01270845706073942,0.014139122936488018,43814,12.29981541633606
866,0.012701093183068224,0.013761469115182005,43853,12.313724517822266
867,0.012306537839776865,0.013421879960839078,43896,12.328107595443726
868,0.012142983435751376,0.013106776306915435,43943,12.343029260635376
869,0.011761913874011043,0.012945204006337007,43990,12.357876539230347
870,0.011223138486457174,0.0125736890970605,44033,12.372103691101074
871,0.011223138486457174,0.012304424662814503,44076,12.386045217514038
872,0.011078642413735906,0.01211804556418959,44115,12.400357484817505
873,0.010717713433223253,0.011762925996157492,44170,12.415059804916382
874,0.010588027581320603,0.011427128655691376,44209,12.429118633270264
875,0.01058763423907294,0.011195561364627338,44268,12.442896366119385
876,0.010116901709011472,0.010859619348618328,44319,12.457069396972656
877,0.0101156118560084,0.010663428694330908,44370,12.471632242202759
878,0.009665128420692781,0.010437299368415627,44418,12.48578143119812
879,0.009346372153231641,0.010183234962848548,44465,12.499883890151978
880,0.009229802662957809,0.010008022718415078,44508,12.513079404830933
881,0.008927547570692695,0.009825799877031234,44551,12.526317358016968
882,0.00881887098887546,0.009635824771239261,44586,12.5401611328125
883,0.008522124436694867,0.009360244095453633,44649,12.554171085357666
884,0.008432000364337,0.00914614760912779,44696,12.568266153335571
885,0.00814255858733759,0.008873956936804461,44751,12.58327317237854
886,0.008060769437065574,0.008719329065053216,44806,12.597351789474487
887,0.00777763287601374,0.008561113591662206,44845,12.611481428146362
888,0.007687189668899919,0.008347753571316237,44909,12.625828742980957
889,0.007425411651183822,0.008130972668514385,44967,12.639858722686768
890,0.007351211760010301,0.00793972099974288,45018,12.654218435287476
891,0.007351211760010301,0.007791148894890891,45077,12.668187856674194
892,0.007024103584512886,0.007599450805205758,45120,12.682233810424805
893,0.006778761903206032,0.007395535945137984,45161,12.695462942123413
894,0.006714278202139212,0.007263608723267604,45208,12.709224700927734
895,0.00647246168273341,0.00712496322964474,45252,12.722622156143188
896,0.006410040038986153,0.006992457623969509,45287,12.736562252044678
897,0.00617896004632712,0.0068135031209161905,45350,12.751650094985962
898,0.006126196509285364,0.006629055824095076,45396,12.765546083450317
899,0.005908253802317631,0.006435549067469992,45446,12.779837131500244
900,0.005854861287161839,0.006284176813558891,45505,12.794134140014648
901,0.005645144418963355,0.006144587163616203,45560,12.808679819107056
902,0.005592794559447611,0.006024205518584343,45607,12.822979927062988
903,0.005390784116798386,0.0058932262435519075,45643,12.836118221282959
904,0.005343775904179893,0.0057339623651140904,45686,12.849466800689697
905,0.005148523186448983,0.005605504892855606,45744,12.86357307434082
906,0.005108054707420706,0.005493371683625506,45799,12.877812147140503
907,0.004916646890933407,0.005330276996664907,45847,12.891295909881592
908,0.004881142060980892,0.005229376884904014,45902,12.905275344848633
909,0.004697786194356013,0.005113215377070901,45951,12.918940782546997
910,0.004662235848627461,0.005005977330186321,46006,12.933148622512817
911,0.00448616085031972,0.004910924712521592,46050,12.947169780731201
912,0.004454370242910954,0.0048123160232421466,46089,12.960370540618896
913,0.00428282815505554,0.004688629246733929,46127,12.97346830368042
914,0.004256517097019241,0.004604142286346284,46170,12.987132787704468
915,0.004090016192662915,0.0044940352921268335,46216,13.000350952148438
916,0.004069025043804686,0.00438788176255116,46255,13.01400113105774
917,0.003909989232056432,0.004262519492203865,46307,13.027658224105835
918,0.0038882587475654873,0.004158721194810747,46366,13.041866302490234
919,0.003734897851245478,0.004072058757183565,46423,13.056123971939087
920,0.0037132853747152694,0.003982482131990158,46470,13.069776773452759
921,0.003564985364164386,0.003915106804525218,46514,13.083751678466797
922,0.0035479269523648327,0.003830886067616272,46549,13.096853971481323
923,0.0034040180581769164,0.0037264191966111565,46592,13.110814571380615
924,0.0034040180581769164,0.0036469783787633028,46643,13.12496042251587
925,0.0032531756751268404,0.0036001062781944406,46696,13.139646291732788
926,0.003239370716300982,0.003513400262304837,46741,13.15346646308899
927,0.0031033881155053678,0.0034497283220124094,46804,13.16793942451477
928,0.0030951310779983032,0.0033465909741380528,46835,13.181065320968628
929,0.0029671695905335582,0.0032962773387358387,46889,13.19480013847351
930,0.0029575157633416893,0.0032124546997503484,46924,13.20831036567688
931,0.0028292818407180675,0.003115789368644073,46971,13.222496032714844
932,0.0028292818407180675,0.0030616638335724624,47018,13.236101150512695
933,0.002706846229216353,0.003015277287416514,47064,13.249443054199219
934,0.002700258256709276,0.0029564520294892795,47095,13.263040542602539
935,0.002579892988933352,0.0028790472762750597,47154,13.277645587921143
936,0.0025788033980234104,0.0028329863157239288,47185,13.290493249893188
937,0.002467708987410333,0.0027632830797036452,47240,13.304383993148804
938,0.002462801373212642,0.0027071357472550515,47284,13.318197011947632
939,0.002358785169235489,0.0026064851259169092,47339,13.332493782043457
940,0.0023548316121377866,0.0025392127651495382,47393,13.347193717956543
941,0.002252251746995171,0.0024720271312958174,47443,13.361168384552002
942,0.002251608219012269,0.0024171462310429584,47494,13.374697208404541
943,0.002151072345668581,0.0023516334015937445,47540,13.388168811798096
944,0.002151072345668581,0.0023228703337603443,47587,13.402029752731323
945,0.0020542258511113687,0.002267335423876678,47640,13.41659927368164
946,0.002054172789144104,0.0022228584892692044,47675,13.430099487304688
947,0.001963172427167592,0.002184539873292124,47742,13.444926977157593
948,0.0019625439342689788,0.0021387146453908674,47781,13.458579063415527
949,0.001875497097898915,0.0020746475770314038,47848,13.47384262084961
950,0.0018747413333812801,0.002024179452422459,47895,13.487610816955566
951,0.0017916670459499073,0.0019828994875202475,47940,13.501368999481201
952,0.00179101037701912,0.0019216444361707847,47975,13.514894962310791
953,0.0017115757631245287,0.001889693191568161,48028,13.528943300247192
954,0.0017115757631245287,0.0018471653238729382,48071,13.542895078659058
955,0.0016344376601864496,0.001811301780338681,48115,13.556636333465576
956,0.0016344376601864496,0.0017920365075913955,48146,13.569552898406982
957,0.0015611891129765354,0.001743936640538853,48193,13.589596033096313
958,0.0015611891129765354,0.0017030549295744398,48224,13.613036394119263
959,0.001491840934022548,0.0016635561130139346,48291,13.637764930725098
960,0.0014909945416547998,0.001613347090805443,48326,13.65441632270813
961,0.0014257653062941245,0.0015767529310191245,48375,13.674136400222778
962,0.0014257165410072048,0.0015445482572715719,48418,13.687828540802002
963,0.0013613373528187367,0.0015015168952383343,48472,13.701725244522095
964,0.0013613373528187367,0.0014719482345867617,48519,13.716010093688965
965,0.0013007943748561956,0.0014464666666261412,48570,13.73051118850708
966,0.0013007943748561956,0.0013912520151734497,48601,13.743729829788208
967,0.0012433529570898827,0.0013584826544539889,48657,13.759087800979614
968,0.0012431776527819238,0.0013287816340778135,48720,13.773743867874146
969,0.0011869102912669405,0.001297576404654895,48766,13.787571668624878
970,0.0011869102912669405,0.0012848486524111044,48809,13.801356792449951
971,0.0011335359315580718,0.0012533090341018275,48872,13.816123247146606
972,0.0011335359315580718,0.0012334922365179561,48924,13.830273389816284
973,0.001083130949837141,0.0012068648759509415,48979,13.844649076461792
974,0.0010829386845898625,0.0011705570005365947,49018,13.858339071273804
975,0.0010354255832680792,0.001144167023517184,49061,13.87214183807373
976,0.0010352542575446932,0.0011154617688418967,49104,13.886247396469116
977,0.000989331138612215,0.0010935257758262651,49156,13.900206804275513
978,0.0009887159488926045,0.0010704338450826375,49191,13.91340708732605
979,0.000944380394912514,0.0010519011827132849,49258,13.928136587142944
980,0.000901442825011145,0.0010290995987456122,49293,13.941853046417236
981,0.000901442825011145,0.0010059049984344408,49352,13.955994606018066
982,0.000901442825011145,0.000980916156758364,49387,13.969643831253052
983,0.0008618477475010877,0.000950825866774115,49440,13.9837806224823
984,0.0008618477475010877,0.0009256216425740149,49487,13.9978928565979
985,0.0008238342265940446,0.0009053467009058143,49531,14.011669635772705
986,0.0008235269634724318,0.0008862074053088994,49582,14.025651931762695
987,0.0007867477035006232,0.0008708284332859269,49631,14.039804458618164
988,0.0007865072748245439,0.0008537335625211047,49666,14.052826166152954
989,0.0007513654018111993,0.0008320297800177438,49729,14.067880630493164
990,0.0007513654018111993,0.0008187833399536733,49768,14.081374168395996
991,0.0007176722656367929,0.0007962313915868436,49831,14.095888137817383
992,0.0007176722656367929,0.0007835397255898139,49866,14.10921311378479
993,0.0006859659540623397,0.0007623363252889703,49925,14.123338222503662
994,0.0006857990646267353,0.0007422284119532681,49968,14.137383937835693
995,0.0006550454689886465,0.0007343584366007387,50017,14.15111756324768
996,0.0006256150552417239,0.0007167944704273547,50064,14.165346384048462
997,0.0006256150552417239,0.0006957643041876812,50119,14.179542064666748
998,0.0006256150552417239,0.0006784032903757027,50154,14.19307017326355
999,0.0005983834930702869,0.0006635412988543976,50204,14.20718789100647
