gen,best_fitness,mean_fitness,evals,time_sec
0,19.656189116136602,834.1216872308515,60,0.0016739368438720703
1,19.656189116136602,743.0835167880073,84,0.0027637481689453125
2,19.656189116136602,584.5176630912769,149,0.004509687423706055
3,19.656189116136602,616.8754570774119,212,0.006120204925537109
4,19.656189116136602,557.8800689156593,260,0.0077283382415771484
5,19.656189116136602,548.5398952798572,332,0.009601116180419922
6,11.53090995367836,486.5656297562591,403,0.011942863464355469
7,11.53090995367836,407.64963102415095,454,0.013533830642700195
8,11.53090995367836,388.7028134792199,520,0.015441417694091797
9,11.53090995367836,419.72292857569556,591,0.017248868942260742
10,11.53090995367836,348.4087188389241,647,0.018945932388305664
11,11.53090995367836,283.3807407995228,705,0.02047133445739746
12,8.324920651410139,333.84687608831956,770,0.022138357162475586
13,6.941873222749109,302.8984285949603,837,0.023817062377929688
14,3.840951112977791,306.26599066559123,904,0.0256044864654541
15,1.070270333438657,309.5110624673998,971,0.02738332748413086
16,0.05049604044847911,227.1763720900376,1031,0.0289914608001709
17,0.05049604044847911,314.4018084096839,1107,0.030823469161987305
18,0.05049604044847911,277.25472952189443,1174,0.032538652420043945
19,0.05049604044847911,307.03176486614547,1248,0.034342288970947266
20,0.05049604044847911,227.21243766703466,1309,0.03592848777770996
21,0.05049604044847911,274.8556697383729,1387,0.03819131851196289
22,0.05049604044847911,222.72227390802263,1455,0.03995227813720703
23,0.05049604044847911,187.55896854706222,1530,0.04178643226623535
24,0.028538244935361945,144.0663138981908,1604,0.04355001449584961
25,0.028039407917049175,116.05649988426096,1679,0.0454258918762207
26,0.01868360311118522,151.75510024447732,1767,0.04737520217895508
27,0.0009533233514957828,152.2860006627702,1849,0.04971647262573242
28,0.0009533233514957828,113.98844190009693,1925,0.05153083801269531
29,0.0009533233514957828,146.02396201558733,2010,0.053514719009399414
30,0.0009533233514957828,128.30273296685849,2090,0.05561256408691406
31,0.0009533233514957828,77.86148526434665,2160,0.0577695369720459
32,0.0009533233514957828,51.161316385602596,2234,0.060076236724853516
33,0.0009533233514957828,41.331693744156915,2317,0.062230825424194336
34,0.0009533233514957828,29.68999356736919,2397,0.06416583061218262
35,0.0006879737219378512,15.411727098911994,2472,0.06618094444274902
36,0.0006879737219378512,7.887817817661983,2547,0.0684506893157959
37,0.0006879737219378512,6.273966984958309,2630,0.0707244873046875
38,0.0006364432115333329,6.117911647418523,2716,0.07297706604003906
39,0.0006364432115333329,3.8821638055140397,2792,0.07479715347290039
40,0.00012206570227135671,4.542008965918009,2886,0.07685565948486328
41,0.00012206570227135671,2.5241627813037875,2947,0.07849264144897461
42,0.00012206570227135671,2.35370976409464,3016,0.08041214942932129
43,0.00012206570227135671,2.9522768553255956,3106,0.08237004280090332
44,0.00012206570227135671,3.199077664863601,3200,0.08458852767944336
45,0.00012206570227135671,2.0065384556367367,3270,0.0863649845123291
46,0.00012206570227135671,1.4874003639744975,3351,0.0883936882019043
47,8.651834127704205e-05,1.2093131286614152,3432,0.0903167724609375
48,8.651834127704205e-05,1.1204499681708247,3529,0.09265804290771484
49,6.049645821804006e-05,0.4980885925618092,3599,0.09444665908813477
50,4.7607960368623026e-05,0.3827387964526073,3684,0.09635615348815918
51,4.6100545432636864e-05,0.2107986031923133,3761,0.09810709953308105
52,4.6100545432636864e-05,0.14768975424987427,3842,0.10010099411010742
53,4.6100545432636864e-05,0.17154949972698244,3938,0.10234260559082031
54,4.1430102555750636e-05,0.10187699819925342,4007,0.10427021980285645
55,4.1430102555750636e-05,0.09761172670696965,4088,0.10624289512634277
56,3.0077954534135642e-05,0.0890944081881211,4176,0.10847640037536621
57,2.7045887918575318e-05,0.09884462566263702,4264,0.1104128360748291
58,2.7045887918575318e-05,0.10639311991014892,4358,0.11247539520263672
59,2.7045887918575318e-05,0.056030706732413664,4423,0.114105224609375
60,2.654258901202411e-05,0.061709325598510154,4512,0.11626696586608887
61,2.654258901202411e-05,0.05064529694863419,4590,0.11821866035461426
62,2.5699647039800766e-05,0.031430770762936315,4660,0.12000441551208496
63,2.5699647039800766e-05,0.027012014963105457,4748,0.12217164039611816
64,2.5699647039800766e-05,0.028068545783075174,4839,0.12415862083435059
65,2.5699647039800766e-05,0.022280986071103827,4916,0.12598824501037598
66,2.5699647039800766e-05,0.020303053353643463,4998,0.12792229652404785
67,2.5699647039800766e-05,0.018974643378637288,5077,0.12981247901916504
68,2.5585068215150386e-05,0.012532302276486006,5156,0.13162469863891602
69,2.55502427535248e-05,0.005242991252695599,5223,0.133378267288208
70,2.548321117501473e-05,0.002905806236189316,5309,0.13535308837890625
71,2.548321117501473e-05,0.0024577626508516916,5401,0.13749217987060547
72,2.548321117501473e-05,0.0013309506662797807,5486,0.1395125389099121
73,2.547490566939814e-05,0.0008183402018725398,5573,0.14139628410339355
74,2.5467076852692117e-05,0.0006264971619979557,5662,0.14334750175476074
75,2.5467076852692117e-05,0.0003401445120421916,5741,0.14514827728271484
76,2.5461197083131992e-05,0.00025078651527223885,5824,0.14708518981933594
77,2.545578581703012e-05,0.0001498022175951519,5905,0.1490159034729004
78,2.545578581703012e-05,0.00015378054221552398,5999,0.15109801292419434
79,2.545578581703012e-05,0.00015158918352161285,6085,0.15314126014709473
80,2.545513461882365e-05,0.0001551615659802034,6178,0.15519261360168457
81,2.545513461882365e-05,0.00010445557370720356,6260,0.15705561637878418
82,2.545513461882365e-05,0.0001045555506209439,6353,0.15898799896240234
83,2.545513461882365e-05,8.156543324275845e-05,6432,0.16075873374938965
84,2.545513461882365e-05,5.416740627500379e-05,6500,0.16246509552001953
85,2.545513461882365e-05,5.218180982258976e-05,6581,0.16438007354736328
86,2.545513461882365e-05,4.55002232570223e-05,6658,0.16623330116271973
87,2.545513461882365e-05,4.4527404641788354e-05,6747,0.16837048530578613
88,2.545513461882365e-05,3.642989436608938e-05,6826,0.17023897171020508
89,2.545513461882365e-05,3.196420436211156e-05,6906,0.1720900535583496
90,2.545513461882365e-05,2.996293914823885e-05,6991,0.17407774925231934
91,2.545513461882365e-05,2.9703945699566248e-05,7083,0.17614984512329102
92,2.545513461882365e-05,2.8683787079823256e-05,7177,0.17833542823791504
93,2.545513461882365e-05,2.744289305383063e-05,7262,0.18027567863464355
94,2.545513461882365e-05,2.7228560960187072e-05,7358,0.18233370780944824
95,2.545513257246057e-05,2.6223259213035513e-05,7430,0.18413519859313965
96,2.545513257246057e-05,2.6241896335932324e-05,7522,0.1862635612487793
97,2.545513257246057e-05,2.6169682011338107e-05,7617,0.1885824203491211
98,2.545513257246057e-05,2.5922175173794432e-05,7693,0.19035887718200684
99,2.545513257246057e-05,2.5946364519313648e-05,7794,0.19241023063659668
100,2.545513257246057e-05,2.57787345901761e-05,7874,0.19437932968139648
101,2.545513257246057e-05,2.5783433623397894e-05,7970,0.19653773307800293
102,2.545513257246057e-05,2.575619186776142e-05,8059,0.19857454299926758
103,2.545513257246057e-05,2.5614598585358786e-05,8165,0.20078134536743164
104,2.545513257246057e-05,2.5688607066361632e-05,8262,0.2029433250427246
105,2.545513257246057e-05,2.5590618499412206e-05,8362,0.20519447326660156
106,2.545513257246057e-05,2.55991213047461e-05,8455,0.2072608470916748
107,2.545513257246057e-05,2.5506238114303414e-05,8563,0.20948195457458496
108,2.545513257246057e-05,2.5582811082358604e-05,8661,0.21167707443237305
109,2.545513257246057e-05,2.549871019823513e-05,8763,0.2137925624847412
110,2.5455132458773733e-05,2.5479893251182752e-05,8870,0.21625113487243652
111,2.5455132458773733e-05,2.5487726456200715e-05,8967,0.21831989288330078
112,2.5455132458773733e-05,2.5469187611785553e-05,9074,0.22046732902526855
113,2.5455132458773733e-05,2.552494300023985e-05,9166,0.22271370887756348
114,2.5455132458773733e-05,2.5462622157116737e-05,9271,0.22492384910583496
115,2.5455132458773733e-05,2.5491903873368452e-05,9356,0.22693300247192383
116,2.5455132458773733e-05,2.5457596296973862e-05,9462,0.22923707962036133
117,2.5455132458773733e-05,2.5532951413727765e-05,9548,0.231231689453125
118,2.5455132345086895e-05,2.5456374049781517e-05,9657,0.233534574508667
119,2.5455132345086895e-05,2.5455606277091647e-05,9752,0.23574590682983398
120,2.5455132345086895e-05,2.5455457188172658e-05,9856,0.238067626953125
121,2.5455132345086895e-05,2.5455894825654467e-05,9944,0.2400829792022705
122,2.5455132345086895e-05,2.5455245747707522e-05,10039,0.2421720027923584
123,2.5455132345086895e-05,2.5455156422064344e-05,10144,0.24442005157470703
124,2.5455132345086895e-05,2.545590761542371e-05,10242,0.24655985832214355
125,2.5455132345086895e-05,2.54551332640555e-05,10346,0.24878334999084473
126,2.5455132345086895e-05,2.54551325402493e-05,10455,0.2510840892791748
127,2.5455132345086895e-05,2.5455132534564957e-05,10485,0.252197265625
128,2.5455132345086895e-05,2.5455132526985835e-05,10520,0.2534449100494385
129,2.5455132345086895e-05,2.5455132519406713e-05,10561,0.25484776496887207
130,2.5455132345086895e-05,2.5455132502353686e-05,10609,0.2561919689178467
131,2.5455132345086895e-05,2.5455132506143247e-05,10673,0.25788354873657227
132,2.5455132345086895e-05,2.5455132500458907e-05,10729,0.2594919204711914
133,2.5455132345086895e-05,2.545513250803803e-05,10796,0.2611851692199707
134,2.5455132345086895e-05,2.5455132492879785e-05,10859,0.2628209590911865
135,2.5455132345086895e-05,2.5455132502353686e-05,10935,0.26461029052734375
136,2.5455132345086895e-05,2.5455132494774564e-05,10998,0.266298770904541
137,2.5455132345086895e-05,2.5455132492879785e-05,11076,0.26810455322265625
138,2.5455132345086895e-05,2.5455132490985003e-05,11160,0.27004432678222656
139,2.5455132345086895e-05,2.545513248530066e-05,11237,0.27182960510253906
140,2.5455132345086895e-05,2.5455132498564125e-05,11317,0.27361464500427246
141,2.5455132345086895e-05,2.5455132494774564e-05,11383,0.27533578872680664
142,2.5455132345086895e-05,2.5455132487195442e-05,11448,0.27698421478271484
143,2.5455132345086895e-05,2.545513250424847e-05,11528,0.2788991928100586
144,2.5455132345086895e-05,2.5455132492879785e-05,11590,0.28042149543762207
145,2.5455132345086895e-05,2.5455132494774564e-05,11664,0.28223562240600586
146,2.5455132345086895e-05,2.5455132496669346e-05,11742,0.2839932441711426
147,2.5455132345086895e-05,2.5455132487195442e-05,11815,0.28586673736572266
148,2.5455132345086895e-05,2.5455132494774564e-05,11902,0.28798675537109375
149,2.5455132345086895e-05,2.5455132466352855e-05,11976,0.2897934913635254
150,2.5455132345086895e-05,2.5455132498564125e-05,12076,0.29195618629455566
151,2.5455132345086895e-05,2.545513245498417e-05,12146,0.29367589950561523
152,2.5455132345086895e-05,2.5455132477721538e-05,12252,0.2959425449371338
153,2.5455132345086895e-05,2.5455132473931977e-05,12339,0.29787111282348633
154,2.5455132345086895e-05,2.5455132477721538e-05,12430,0.29993343353271484
155,2.5455132345086895e-05,2.5455132464458076e-05,12516,0.30179572105407715
156,2.5455132345086895e-05,2.54551324815111e-05,12613,0.30389952659606934
157,2.5455132345086895e-05,2.545513248340588e-05,12700,0.3058044910430908
158,2.5455132345086895e-05,2.5455132473931977e-05,12790,0.3080117702484131
159,2.5455132345086895e-05,2.5455132477721538e-05,12884,0.31012964248657227
160,2.5455132345086895e-05,2.5455132487195442e-05,12978,0.3121919631958008
161,2.5455132345086895e-05,2.545513247582676e-05,13060,0.3139922618865967
162,2.5455132345086895e-05,2.5455132464458076e-05,13150,0.3160271644592285
163,2.5455132345086895e-05,2.5455132494774564e-05,13258,0.3183298110961914
164,2.5455132345086895e-05,2.5455132458773733e-05,13332,0.3202321529388428
165,2.5455132345086895e-05,2.5455132473931977e-05,13439,0.3225381374359131
166,2.5455132345086895e-05,2.545513244929983e-05,13532,0.3245971202850342
167,2.5455132345086895e-05,2.5455132432246805e-05,13655,0.3270890712738037
168,2.5455132345086895e-05,2.5455132379192948e-05,13784,0.3296389579772949
169,2.5455132345086895e-05,2.5455132350771238e-05,13923,0.33228063583374023
170,2.5455132345086895e-05,2.5455132345086895e-05,14123,0.3360476493835449
171,2.5455132345086895e-05,2.5455132345086895e-05,14338,0.3397374153137207
172,2.5455132345086895e-05,2.5455132345086895e-05,14547,0.3435065746307373
173,2.5455132345086895e-05,2.5455132345086895e-05,14758,0.3471829891204834
174,2.5455132345086895e-05,2.5455132345086895e-05,14970,0.3507375717163086
175,2.5455132345086895e-05,2.5455132345086895e-05,15191,0.35466480255126953
176,2.5455132345086895e-05,2.5455132345086895e-05,15408,0.3583078384399414
177,2.5455132345086895e-05,2.5455132345086895e-05,15622,0.362180233001709
178,2.5455132345086895e-05,2.5455132345086895e-05,15834,0.36582493782043457
179,2.5455132345086895e-05,2.5455132345086895e-05,16043,0.3696317672729492
180,2.5455132345086895e-05,2.5455132345086895e-05,16268,0.37354516983032227
181,2.5455132345086895e-05,2.5455132345086895e-05,16488,0.37756800651550293
182,2.5455132345086895e-05,2.5455132345086895e-05,16704,0.38143205642700195
183,2.5455132345086895e-05,2.5455132345086895e-05,16924,0.3853156566619873
184,2.5455132345086895e-05,2.5455132345086895e-05,17139,0.389087438583374
185,2.5455132345086895e-05,2.5455132345086895e-05,17350,0.3927764892578125
186,2.5455132345086895e-05,2.5455132345086895e-05,17569,0.39676475524902344
187,2.5455132345086895e-05,2.5455132345086895e-05,17787,0.40061521530151367
188,2.5455132345086895e-05,2.5455132345086895e-05,18003,0.4043424129486084
189,2.5455132345086895e-05,2.5455132345086895e-05,18218,0.40808582305908203
190,2.5455132345086895e-05,2.5455132345086895e-05,18437,0.41184449195861816
191,2.5455132345086895e-05,2.5455132345086895e-05,18654,0.41561126708984375
192,2.5455132345086895e-05,2.5455132345086895e-05,18881,0.41950035095214844
193,2.5455132345086895e-05,2.5455132345086895e-05,19105,0.42345213890075684
194,2.5455132345086895e-05,2.5455132345086895e-05,19322,0.4273710250854492
195,2.5455132345086895e-05,2.5455132345086895e-05,19543,0.43138980865478516
196,2.5455132345086895e-05,2.5455132345086895e-05,19763,0.4351956844329834
197,2.5455132345086895e-05,2.5455132345086895e-05,19980,0.43911218643188477
198,2.5455132345086895e-05,2.5455132345086895e-05,20199,0.4429817199707031
199,2.5455132345086895e-05,2.5455132345086895e-05,20420,0.44707512855529785
200,2.5455132345086895e-05,2.5455132345086895e-05,20642,0.4510376453399658
201,2.5455132345086895e-05,2.5455132345086895e-05,20856,0.45499253273010254
202,2.5455132345086895e-05,2.5455132345086895e-05,21074,0.45891308784484863
203,2.5455132345086895e-05,2.5455132345086895e-05,21300,0.4627687931060791
204,2.5455132345086895e-05,2.5455132345086895e-05,21523,0.4667520523071289
205,2.5455132345086895e-05,2.5455132345086895e-05,21749,0.47076916694641113
206,2.5455132345086895e-05,2.5455132345086895e-05,21970,0.474606990814209
207,2.5455132345086895e-05,2.5455132345086895e-05,22188,0.478604793548584
208,2.5455132345086895e-05,2.5455132345086895e-05,22408,0.48245787620544434
209,2.5455132345086895e-05,2.5455132345086895e-05,22629,0.4863154888153076
210,2.5455132345086895e-05,2.5455132345086895e-05,22852,0.4902923107147217
211,2.5455132345086895e-05,2.5455132345086895e-05,23067,0.49434328079223633
212,2.5455132345086895e-05,2.5455132345086895e-05,23279,0.4981119632720947
213,2.5455132345086895e-05,2.5455132345086895e-05,23501,0.5020840167999268
214,2.5455132345086895e-05,2.5455132345086895e-05,23724,0.5061042308807373
215,2.5455132345086895e-05,2.5455132345086895e-05,23938,0.510138988494873
216,2.5455132345086895e-05,2.5455132345086895e-05,24160,0.5142354965209961
217,2.5455132345086895e-05,2.5455132345086895e-05,24382,0.5182011127471924
218,2.5455132345086895e-05,2.5455132345086895e-05,24598,0.5221424102783203
219,2.5455132345086895e-05,2.5455132345086895e-05,24823,0.5264317989349365
220,2.5455132345086895e-05,2.5455132345086895e-05,25035,0.5303947925567627
221,2.5455132345086895e-05,2.5455132345086895e-05,25257,0.534818172454834
222,2.5455132345086895e-05,2.5455132345086895e-05,25478,0.5387306213378906
223,2.5455132345086895e-05,2.5455132345086895e-05,25702,0.5427522659301758
224,2.5455132345086895e-05,2.5455132345086895e-05,25927,0.5467348098754883
225,2.5455132345086895e-05,2.5455132345086895e-05,26150,0.550757884979248
226,2.5455132345086895e-05,2.5455132345086895e-05,26374,0.5547099113464355
227,2.5455132345086895e-05,2.5455132345086895e-05,26594,0.558626651763916
228,2.5455132345086895e-05,2.5455132345086895e-05,26824,0.562544584274292
229,2.5455132345086895e-05,2.5455132345086895e-05,27047,0.5664446353912354
230,2.5455132345086895e-05,2.5455132345086895e-05,27278,0.5703861713409424
231,2.5455132345086895e-05,2.5455132345086895e-05,27497,0.5742919445037842
232,2.5455132345086895e-05,2.5455132345086895e-05,27724,0.5784940719604492
233,2.5455132345086895e-05,2.5455132345086895e-05,27948,0.5826056003570557
234,2.5455132345086895e-05,2.5455132345086895e-05,28170,0.586479902267456
235,2.5455132345086895e-05,2.5455132345086895e-05,28390,0.5906412601470947
236,2.5455132345086895e-05,2.5455132345086895e-05,28613,0.5945055484771729
237,2.5455132345086895e-05,2.5455132345086895e-05,28838,0.5985777378082275
238,2.5455132345086895e-05,2.5455132345086895e-05,29063,0.6024823188781738
239,2.5455132345086895e-05,2.5455132345086895e-05,29292,0.6067302227020264
240,2.5455132345086895e-05,2.5455132345086895e-05,29521,0.6109421253204346
241,2.5455132345086895e-05,2.5455132345086895e-05,29743,0.6150143146514893
242,2.5455132345086895e-05,2.5455132345086895e-05,29972,0.6189103126525879
243,2.5455132345086895e-05,2.5455132345086895e-05,30197,0.6229827404022217
244,2.5455132345086895e-05,2.5455132345086895e-05,30420,0.6272585391998291
245,2.5455132345086895e-05,2.5455132345086895e-05,30648,0.6313717365264893
246,2.5455132345086895e-05,2.5455132345086895e-05,30875,0.6353638172149658
247,2.5455132345086895e-05,2.5455132345086895e-05,31104,0.6392691135406494
248,2.5455132345086895e-05,2.5455132345086895e-05,31329,0.6432554721832275
249,2.5455132345086895e-05,2.5455132345086895e-05,31559,0.6472101211547852
250,2.5455132345086895e-05,2.5455132345086895e-05,31789,0.6511776447296143
251,2.5455132345086895e-05,2.5455132345086895e-05,32014,0.6552371978759766
252,2.5455132345086895e-05,2.5455132345086895e-05,32237,0.6590595245361328
253,2.5455132345086895e-05,2.5455132345086895e-05,32468,0.6629829406738281
254,2.5455132345086895e-05,2.5455132345086895e-05,32689,0.6669342517852783
255,2.5455132345086895e-05,2.5455132345086895e-05,32913,0.6707704067230225
256,2.5455132345086895e-05,2.5455132345086895e-05,33143,0.6748855113983154
257,2.5455132345086895e-05,2.5455132345086895e-05,33367,0.6790504455566406
258,2.5455132345086895e-05,2.5455132345086895e-05,33597,0.6831493377685547
259,2.5455132345086895e-05,2.5455132345086895e-05,33824,0.6872961521148682
260,2.5455132345086895e-05,2.5455132345086895e-05,34047,0.6913304328918457
261,2.5455132345086895e-05,2.5455132345086895e-05,34278,0.6954197883605957
262,2.5455132345086895e-05,2.5455132345086895e-05,34500,0.6995227336883545
263,2.5455132345086895e-05,2.5455132345086895e-05,34730,0.7036557197570801
264,2.5455132345086895e-05,2.5455132345086895e-05,34960,0.7076866626739502
265,2.5455132345086895e-05,2.5455132345086895e-05,35185,0.7116026878356934
266,2.5455132345086895e-05,2.5455132345086895e-05,35412,0.715566873550415
267,2.5455132345086895e-05,2.5455132345086895e-05,35645,0.7197906970977783
268,2.5455132345086895e-05,2.5455132345086895e-05,35871,0.7238185405731201
269,2.5455132345086895e-05,2.5455132345086895e-05,36092,0.7277617454528809
270,2.5455132345086895e-05,2.5455132345086895e-05,36316,0.7316732406616211
271,2.5455132345086895e-05,2.5455132345086895e-05,36548,0.7357199192047119
272,2.5455132345086895e-05,2.5455132345086895e-05,36779,0.7397098541259766
273,2.5455132345086895e-05,2.5455132345086895e-05,37009,0.7436296939849854
274,2.5455132345086895e-05,2.5455132345086895e-05,37236,0.7476401329040527
275,2.5455132345086895e-05,2.5455132345086895e-05,37464,0.7516903877258301
276,2.5455132345086895e-05,2.5455132345086895e-05,37691,0.7556777000427246
277,2.5455132345086895e-05,2.5455132345086895e-05,37912,0.7597055435180664
278,2.5455132345086895e-05,2.5455132345086895e-05,38136,0.7636928558349609
279,2.5455132345086895e-05,2.5455132345086895e-05,38370,0.7676718235015869
280,2.5455132345086895e-05,2.5455132345086895e-05,38598,0.7716197967529297
281,2.5455132345086895e-05,2.5455132345086895e-05,38829,0.7757470607757568
282,2.5455132345086895e-05,2.5455132345086895e-05,39062,0.7798011302947998
283,2.5455132345086895e-05,2.5455132345086895e-05,39293,0.7837772369384766
284,2.5455132345086895e-05,2.5455132345086895e-05,39518,0.7878577709197998
285,2.5455132345086895e-05,2.5455132345086895e-05,39749,0.7918291091918945
286,2.5455132345086895e-05,2.5455132345086895e-05,39971,0.7956428527832031
287,2.5455132345086895e-05,2.5455132345086895e-05,40197,0.7996740341186523
288,2.5455132345086895e-05,2.5455132345086895e-05,40423,0.8034846782684326
289,2.5455132345086895e-05,2.5455132345086895e-05,40648,0.8074374198913574
290,2.5455132345086895e-05,2.5455132345086895e-05,40875,0.8113880157470703
291,2.5455132345086895e-05,2.5455132345086895e-05,41103,0.8153314590454102
292,2.5455132345086895e-05,2.5455132345086895e-05,41331,0.8195233345031738
293,2.5455132345086895e-05,2.5455132345086895e-05,41563,0.8245594501495361
294,2.5455132345086895e-05,2.5455132345086895e-05,41794,0.8286702632904053
295,2.5455132345086895e-05,2.5455132345086895e-05,42022,0.832611083984375
296,2.5455132345086895e-05,2.5455132345086895e-05,42244,0.8366475105285645
297,2.5455132345086895e-05,2.5455132345086895e-05,42476,0.8406810760498047
298,2.5455132345086895e-05,2.5455132345086895e-05,42702,0.8444535732269287
299,2.5455132345086895e-05,2.5455132345086895e-05,42934,0.8481898307800293
300,2.5455132345086895e-05,2.5455132345086895e-05,43160,0.8517653942108154
301,2.5455132345086895e-05,2.5455132345086895e-05,43390,0.8555858135223389
302,2.5455132345086895e-05,2.5455132345086895e-05,43620,0.8591535091400146
303,2.5455132345086895e-05,2.5455132345086895e-05,43846,0.8629097938537598
304,2.5455132345086895e-05,2.5455132345086895e-05,44073,0.866675615310669
305,2.5455132345086895e-05,2.5455132345086895e-05,44307,0.870370626449585
306,2.5455132345086895e-05,2.5455132345086895e-05,44539,0.8740296363830566
307,2.5455132345086895e-05,2.5455132345086895e-05,44766,0.8777725696563721
308,2.5455132345086895e-05,2.5455132345086895e-05,44998,0.8814373016357422
309,2.5455132345086895e-05,2.5455132345086895e-05,45223,0.8850090503692627
310,2.5455132345086895e-05,2.5455132345086895e-05,45448,0.8886110782623291
311,2.5455132345086895e-05,2.5455132345086895e-05,45680,0.8922088146209717
312,2.5455132345086895e-05,2.5455132345086895e-05,45906,0.8958871364593506
313,2.5455132345086895e-05,2.5455132345086895e-05,46138,0.8997910022735596
314,2.5455132345086895e-05,2.5455132345086895e-05,46367,0.9036462306976318
315,2.5455132345086895e-05,2.5455132345086895e-05,46597,0.9074199199676514
316,2.5455132345086895e-05,2.5455132345086895e-05,46829,0.9111409187316895
317,2.5455132345086895e-05,2.5455132345086895e-05,47061,0.9148638248443604
318,2.5455132345086895e-05,2.5455132345086895e-05,47283,0.9186947345733643
319,2.5455132345086895e-05,2.5455132345086895e-05,47509,0.9222350120544434
320,2.5455132345086895e-05,2.5455132345086895e-05,47736,0.9257378578186035
321,2.5455132345086895e-05,2.5455132345086895e-05,47966,0.9296176433563232
322,2.5455132345086895e-05,2.5455132345086895e-05,48197,0.9333064556121826
323,2.5455132345086895e-05,2.5455132345086895e-05,48423,0.9370400905609131
324,2.5455132345086895e-05,2.5455132345086895e-05,48653,0.9406290054321289
325,2.5455132345086895e-05,2.5455132345086895e-05,48881,0.944209098815918
326,2.5455132345086895e-05,2.5455132345086895e-05,49111,0.9479069709777832
327,2.5455132345086895e-05,2.5455132345086895e-05,49339,0.9515936374664307
328,2.5455132345086895e-05,2.5455132345086895e-05,49557,0.9552624225616455
329,2.5455132345086895e-05,2.5455132345086895e-05,49777,0.9591097831726074
330,2.5455132345086895e-05,2.5455132345086895e-05,50009,0.9634971618652344
331,2.5455132345086895e-05,2.5455132345086895e-05,50237,0.9670474529266357
332,2.5455132345086895e-05,2.5455132345086895e-05,50466,0.970801830291748
333,2.5455132345086895e-05,2.5455132345086895e-05,50696,0.9745872020721436
334,2.5455132345086895e-05,2.5455132345086895e-05,50924,0.978140115737915
335,2.5455132345086895e-05,2.5455132345086895e-05,51150,0.9817113876342773
336,2.5455132345086895e-05,2.5455132345086895e-05,51385,0.9853942394256592
337,2.5455132345086895e-05,2.5455132345086895e-05,51608,0.989008903503418
338,2.5455132345086895e-05,2.5455132345086895e-05,51840,0.9928677082061768
339,2.5455132345086895e-05,2.5455132345086895e-05,52072,0.9966211318969727
340,2.5455132345086895e-05,2.5455132345086895e-05,52298,1.0003249645233154
341,2.5455132345086895e-05,2.5455132345086895e-05,52523,1.003917932510376
342,2.5455132345086895e-05,2.5455132345086895e-05,52750,1.0078270435333252
343,2.5455132345086895e-05,2.5455132345086895e-05,52982,1.0114994049072266
344,2.5455132345086895e-05,2.5455132345086895e-05,53214,1.0151526927947998
345,2.5455132345086895e-05,2.5455132345086895e-05,53446,1.0188684463500977
346,2.5455132345086895e-05,2.5455132345086895e-05,53677,1.0225017070770264
347,2.5455132345086895e-05,2.5455132345086895e-05,53905,1.02614426612854
348,2.5455132345086895e-05,2.5455132345086895e-05,54134,1.0299620628356934
349,2.5455132345086895e-05,2.5455132345086895e-05,54360,1.0336809158325195
350,2.5455132345086895e-05,2.5455132345086895e-05,54592,1.0375022888183594
351,2.5455132345086895e-05,2.5455132345086895e-05,54821,1.0413801670074463
352,2.5455132345086895e-05,2.5455132345086895e-05,55050,1.0454638004302979
353,2.5455132345086895e-05,2.5455132345086895e-05,55283,1.049147367477417
354,2.5455132345086895e-05,2.5455132345086895e-05,55508,1.0529873371124268
355,2.5455132345086895e-05,2.5455132345086895e-05,55735,1.0567612648010254
356,2.5455132345086895e-05,2.5455132345086895e-05,55964,1.0603606700897217
357,2.5455132345086895e-05,2.5455132345086895e-05,56194,1.0640554428100586
358,2.5455132345086895e-05,2.5455132345086895e-05,56427,1.0678987503051758
359,2.5455132345086895e-05,2.5455132345086895e-05,56657,1.0716376304626465
360,2.5455132345086895e-05,2.5455132345086895e-05,56880,1.075369119644165
361,2.5455132345086895e-05,2.5455132345086895e-05,57110,1.079481840133667
362,2.5455132345086895e-05,2.5455132345086895e-05,57335,1.0831756591796875
363,2.5455132345086895e-05,2.5455132345086895e-05,57563,1.087040901184082
364,2.5455132345086895e-05,2.5455132345086895e-05,57790,1.0906414985656738
365,2.5455132345086895e-05,2.5455132345086895e-05,58019,1.0945661067962646
366,2.5455132345086895e-05,2.5455132345086895e-05,58254,1.0985772609710693
367,2.5455132345086895e-05,2.5455132345086895e-05,58482,1.1022772789001465
368,2.5455132345086895e-05,2.5455132345086895e-05,58709,1.1060340404510498
369,2.5455132345086895e-05,2.5455132345086895e-05,58935,1.1097660064697266
370,2.5455132345086895e-05,2.5455132345086895e-05,59162,1.1134514808654785
371,2.5455132345086895e-05,2.5455132345086895e-05,59385,1.1170997619628906
372,2.5455132345086895e-05,2.5455132345086895e-05,59611,1.120821475982666
373,2.5455132345086895e-05,2.5455132345086895e-05,59841,1.1246976852416992
374,2.5455132345086895e-05,2.5455132345086895e-05,60070,1.1286072731018066
375,2.5455132345086895e-05,2.5455132345086895e-05,60295,1.1323270797729492
376,2.5455132345086895e-05,2.5455132345086895e-05,60526,1.1359410285949707
377,2.5455132345086895e-05,2.5455132345086895e-05,60751,1.1395721435546875
378,2.5455132345086895e-05,2.5455132345086895e-05,60980,1.1432979106903076
379,2.5455132345086895e-05,2.5455132345086895e-05,61208,1.146977424621582
380,2.5455132345086895e-05,2.5455132345086895e-05,61436,1.1508357524871826
381,2.5455132345086895e-05,2.5455132345086895e-05,61658,1.154522180557251
382,2.5455132345086895e-05,2.5455132345086895e-05,61881,1.1583588123321533
383,2.5455132345086895e-05,2.5455132345086895e-05,62107,1.161924123764038
384,2.5455132345086895e-05,2.5455132345086895e-05,62331,1.165661334991455
385,2.5455132345086895e-05,2.5455132345086895e-05,62561,1.1692566871643066
386,2.5455132345086895e-05,2.5455132345086895e-05,62789,1.1730940341949463
387,2.5455132345086895e-05,2.5455132345086895e-05,63020,1.1770038604736328
388,2.5455132345086895e-05,2.5455132345086895e-05,63249,1.1805918216705322
389,2.5455132345086895e-05,2.5455132345086895e-05,63476,1.184250831604004
390,2.5455132345086895e-05,2.5455132345086895e-05,63699,1.1879193782806396
391,2.5455132345086895e-05,2.5455132345086895e-05,63931,1.1917319297790527
392,2.5455132345086895e-05,2.5455132345086895e-05,64152,1.1957299709320068
393,2.5455132345086895e-05,2.5455132345086895e-05,64379,1.1993956565856934
394,2.5455132345086895e-05,2.5455132345086895e-05,64607,1.2031996250152588
395,2.5455132345086895e-05,2.5455132345086895e-05,64840,1.2070820331573486
396,2.5455132345086895e-05,2.5455132345086895e-05,65070,1.210942029953003
397,2.5455132345086895e-05,2.5455132345086895e-05,65303,1.214653491973877
398,2.5455132345086895e-05,2.5455132345086895e-05,65531,1.218336582183838
399,2.5455132345086895e-05,2.5455132345086895e-05,65755,1.221958875656128
400,2.5455132345086895e-05,2.5455132345086895e-05,65982,1.2257163524627686
401,2.5455132345086895e-05,2.5455132345086895e-05,66201,1.2294824123382568
402,2.5455132345086895e-05,2.5455132345086895e-05,66431,1.2330729961395264
403,2.5455132345086895e-05,2.5455132345086895e-05,66665,1.2368521690368652
404,2.5455132345086895e-05,2.5455132345086895e-05,66892,1.2405076026916504
405,2.5455132345086895e-05,2.5455132345086895e-05,67120,1.2443854808807373
406,2.5455132345086895e-05,2.5455132345086895e-05,67352,1.2482085227966309
407,2.5455132345086895e-05,2.5455132345086895e-05,67577,1.2519309520721436
408,2.5455132345086895e-05,2.5455132345086895e-05,67808,1.2558634281158447
409,2.5455132345086895e-05,2.5455132345086895e-05,68037,1.2595398426055908
410,2.5455132345086895e-05,2.5455132345086895e-05,68270,1.2632510662078857
411,2.5455132345086895e-05,2.5455132345086895e-05,68496,1.2669637203216553
412,2.5455132345086895e-05,2.5455132345086895e-05,68726,1.2706899642944336
413,2.5455132345086895e-05,2.5455132345086895e-05,68949,1.2745518684387207
414,2.5455132345086895e-05,2.5455132345086895e-05,69186,1.278367042541504
415,2.5455132345086895e-05,2.5455132345086895e-05,69418,1.2821128368377686
416,2.5455132345086895e-05,2.5455132345086895e-05,69645,1.2858285903930664
417,2.5455132345086895e-05,2.5455132345086895e-05,69865,1.289452314376831
418,2.5455132345086895e-05,2.5455132345086895e-05,70092,1.29306960105896
419,2.5455132345086895e-05,2.5455132345086895e-05,70322,1.2966437339782715
420,2.5455132345086895e-05,2.5455132345086895e-05,70549,1.3003532886505127
421,2.5455132345086895e-05,2.5455132345086895e-05,70775,1.3039851188659668
422,2.5455132345086895e-05,2.5455132345086895e-05,71007,1.3078103065490723
423,2.5455132345086895e-05,2.5455132345086895e-05,71230,1.3117377758026123
424,2.5455132345086895e-05,2.5455132345086895e-05,71458,1.3156399726867676
425,2.5455132345086895e-05,2.5455132345086895e-05,71686,1.319329023361206
426,2.5455132345086895e-05,2.5455132345086895e-05,71916,1.3231256008148193
427,2.5455132345086895e-05,2.5455132345086895e-05,72148,1.3271214962005615
428,2.5455132345086895e-05,2.5455132345086895e-05,72375,1.3308289051055908
429,2.5455132345086895e-05,2.5455132345086895e-05,72601,1.3345799446105957
430,2.5455132345086895e-05,2.5455132345086895e-05,72827,1.3382422924041748
431,2.5455132345086895e-05,2.5455132345086895e-05,73058,1.3420109748840332
432,2.5455132345086895e-05,2.5455132345086895e-05,73280,1.345752477645874
433,2.5455132345086895e-05,2.5455132345086895e-05,73509,1.3495969772338867
434,2.5455132345086895e-05,2.5455132345086895e-05,73737,1.3532559871673584
435,2.5455132345086895e-05,2.5455132345086895e-05,73963,1.3568551540374756
436,2.5455132345086895e-05,2.5455132345086895e-05,74192,1.3605172634124756
437,2.5455132345086895e-05,2.5455132345086895e-05,74419,1.364166498184204
438,2.5455132345086895e-05,2.5455132345086895e-05,74647,1.3682293891906738
439,2.5455132345086895e-05,2.5455132345086895e-05,74877,1.3719134330749512
440,2.5455132345086895e-05,2.5455132345086895e-05,75107,1.3756451606750488
441,2.5455132345086895e-05,2.5455132345086895e-05,75335,1.3795912265777588
442,2.5455132345086895e-05,2.5455132345086895e-05,75567,1.3832008838653564
443,2.5455132345086895e-05,2.5455132345086895e-05,75796,1.3869414329528809
444,2.5455132345086895e-05,2.5455132345086895e-05,76024,1.3906030654907227
445,2.5455132345086895e-05,2.5455132345086895e-05,76255,1.3944504261016846
446,2.5455132345086895e-05,2.5455132345086895e-05,76482,1.3981552124023438
447,2.5455132345086895e-05,2.5455132345086895e-05,76704,1.4016411304473877
448,2.5455132345086895e-05,2.5455132345086895e-05,76933,1.405498743057251
449,2.5455132345086895e-05,2.5455132345086895e-05,77167,1.4092106819152832
450,2.5455132345086895e-05,2.5455132345086895e-05,77397,1.4128732681274414
451,2.5455132345086895e-05,2.5455132345086895e-05,77628,1.4165663719177246
452,2.5455132345086895e-05,2.5455132345086895e-05,77851,1.4202876091003418
453,2.5455132345086895e-05,2.5455132345086895e-05,78079,1.4240827560424805
454,2.5455132345086895e-05,2.5455132345086895e-05,78306,1.427849531173706
455,2.5455132345086895e-05,2.5455132345086895e-05,78534,1.4315185546875
456,2.5455132345086895e-05,2.5455132345086895e-05,78762,1.4353892803192139
457,2.5455132345086895e-05,2.5455132345086895e-05,78993,1.4392688274383545
458,2.5455132345086895e-05,2.5455132345086895e-05,79225,1.4431242942810059
459,2.5455132345086895e-05,2.5455132345086895e-05,79448,1.446626901626587
460,2.5455132345086895e-05,2.5455132345086895e-05,79678,1.450242280960083
461,2.5455132345086895e-05,2.5455132345086895e-05,79908,1.4541010856628418
462,2.5455132345086895e-05,2.5455132345086895e-05,80133,1.4578945636749268
463,2.5455132345086895e-05,2.5455132345086895e-05,80355,1.4616448879241943
464,2.5455132345086895e-05,2.5455132345086895e-05,80586,1.4653122425079346
465,2.5455132345086895e-05,2.5455132345086895e-05,80812,1.4689514636993408
466,2.5455132345086895e-05,2.5455132345086895e-05,81042,1.4726710319519043
467,2.5455132345086895e-05,2.5455132345086895e-05,81270,1.476353406906128
468,2.5455132345086895e-05,2.5455132345086895e-05,81495,1.4799880981445312
469,2.5455132345086895e-05,2.5455132345086895e-05,81722,1.483781337738037
470,2.5455132345086895e-05,2.5455132345086895e-05,81952,1.4875330924987793
471,2.5455132345086895e-05,2.5455132345086895e-05,82181,1.4915540218353271
472,2.5455132345086895e-05,2.5455132345086895e-05,82410,1.4955227375030518
473,2.5455132345086895e-05,2.5455132345086895e-05,82639,1.499119520187378
474,2.5455132345086895e-05,2.5455132345086895e-05,82863,1.5025978088378906
475,2.5455132345086895e-05,2.5455132345086895e-05,83087,1.5065021514892578
476,2.5455132345086895e-05,2.5455132345086895e-05,83310,1.5103368759155273
477,2.5455132345086895e-05,2.5455132345086895e-05,83538,1.514444351196289
478,2.5455132345086895e-05,2.5455132345086895e-05,83767,1.5181653499603271
479,2.5455132345086895e-05,2.5455132345086895e-05,83992,1.521935224533081
480,2.5455132345086895e-05,2.5455132345086895e-05,84225,1.5257658958435059
481,2.5455132345086895e-05,2.5455132345086895e-05,84456,1.529547929763794
482,2.5455132345086895e-05,2.5455132345086895e-05,84682,1.5334973335266113
483,2.5455132345086895e-05,2.5455132345086895e-05,84906,1.537214994430542
484,2.5455132345086895e-05,2.5455132345086895e-05,85133,1.5409345626831055
485,2.5455132345086895e-05,2.5455132345086895e-05,85358,1.5445678234100342
486,2.5455132345086895e-05,2.5455132345086895e-05,85585,1.5481421947479248
487,2.5455132345086895e-05,2.5455132345086895e-05,85812,1.5518162250518799
488,2.5455132345086895e-05,2.5455132345086895e-05,86043,1.5556132793426514
489,2.5455132345086895e-05,2.5455132345086895e-05,86273,1.5592749118804932
490,2.5455132345086895e-05,2.5455132345086895e-05,86499,1.5628876686096191
491,2.5455132345086895e-05,2.5455132345086895e-05,86728,1.5666720867156982
492,2.5455132345086895e-05,2.5455132345086895e-05,86958,1.5703821182250977
493,2.5455132345086895e-05,2.5455132345086895e-05,87189,1.5742874145507812
494,2.5455132345086895e-05,2.5455132345086895e-05,87412,1.5779163837432861
495,2.5455132345086895e-05,2.5455132345086895e-05,87636,1.5814762115478516
496,2.5455132345086895e-05,2.5455132345086895e-05,87865,1.5852577686309814
497,2.5455132345086895e-05,2.5455132345086895e-05,88090,1.5888876914978027
498,2.5455132345086895e-05,2.5455132345086895e-05,88321,1.5926764011383057
499,2.5455132345086895e-05,2.5455132345086895e-05,88547,1.5964288711547852
500,2.5455132345086895e-05,2.5455132345086895e-05,88776,1.6000981330871582
501,2.5455132345086895e-05,2.5455132345086895e-05,89005,1.6037347316741943
502,2.5455132345086895e-05,2.5455132345086895e-05,89230,1.6076164245605469
503,2.5455132345086895e-05,2.5455132345086895e-05,89451,1.6112003326416016
504,2.5455132345086895e-05,2.5455132345086895e-05,89684,1.6152281761169434
505,2.5455132345086895e-05,2.5455132345086895e-05,89907,1.619096040725708
506,2.5455132345086895e-05,2.5455132345086895e-05,90135,1.6228699684143066
507,2.5455132345086895e-05,2.5455132345086895e-05,90367,1.6265902519226074
508,2.5455132345086895e-05,2.5455132345086895e-05,90602,1.6303536891937256
509,2.5455132345086895e-05,2.5455132345086895e-05,90824,1.6341123580932617
510,2.5455132345086895e-05,2.5455132345086895e-05,91047,1.6378793716430664
511,2.5455132345086895e-05,2.5455132345086895e-05,91276,1.6416659355163574
512,2.5455132345086895e-05,2.5455132345086895e-05,91503,1.6454417705535889
513,2.5455132345086895e-05,2.5455132345086895e-05,91737,1.649240493774414
514,2.5455132345086895e-05,2.5455132345086895e-05,91968,1.6528408527374268
515,2.5455132345086895e-05,2.5455132345086895e-05,92199,1.6564183235168457
516,2.5455132345086895e-05,2.5455132345086895e-05,92430,1.6602823734283447
517,2.5455132345086895e-05,2.5455132345086895e-05,92657,1.6639184951782227
518,2.5455132345086895e-05,2.5455132345086895e-05,92877,1.6677358150482178
519,2.5455132345086895e-05,2.5455132345086895e-05,93102,1.6718926429748535
520,2.5455132345086895e-05,2.5455132345086895e-05,93330,1.675769567489624
521,2.5455132345086895e-05,2.5455132345086895e-05,93551,1.6795709133148193
522,2.5455132345086895e-05,2.5455132345086895e-05,93782,1.6832451820373535
523,2.5455132345086895e-05,2.5455132345086895e-05,94014,1.6869571208953857
524,2.5455132345086895e-05,2.5455132345086895e-05,94242,1.6905772686004639
525,2.5455132345086895e-05,2.5455132345086895e-05,94473,1.6944422721862793
526,2.5455132345086895e-05,2.5455132345086895e-05,94697,1.6980822086334229
527,2.5455132345086895e-05,2.5455132345086895e-05,94924,1.7017326354980469
528,2.5455132345086895e-05,2.5455132345086895e-05,95152,1.7056679725646973
529,2.5455132345086895e-05,2.5455132345086895e-05,95384,1.7095940113067627
530,2.5455132345086895e-05,2.5455132345086895e-05,95609,1.7132751941680908
531,2.5455132345086895e-05,2.5455132345086895e-05,95840,1.717174768447876
532,2.5455132345086895e-05,2.5455132345086895e-05,96065,1.720799446105957
533,2.5455132345086895e-05,2.5455132345086895e-05,96291,1.7243766784667969
534,2.5455132345086895e-05,2.5455132345086895e-05,96519,1.7282662391662598
535,2.5455132345086895e-05,2.5455132345086895e-05,96745,1.7319810390472412
536,2.5455132345086895e-05,2.5455132345086895e-05,96966,1.735619306564331
537,2.5455132345086895e-05,2.5455132345086895e-05,97189,1.7393202781677246
538,2.5455132345086895e-05,2.5455132345086895e-05,97420,1.7429392337799072
539,2.5455132345086895e-05,2.5455132345086895e-05,97636,1.7465121746063232
540,2.5455132345086895e-05,2.5455132345086895e-05,97866,1.7503225803375244
541,2.5455132345086895e-05,2.5455132345086895e-05,98101,1.7541375160217285
542,2.5455132345086895e-05,2.5455132345086895e-05,98325,1.7578670978546143
543,2.5455132345086895e-05,2.5455132345086895e-05,98550,1.7614805698394775
544,2.5455132345086895e-05,2.5455132345086895e-05,98779,1.7651565074920654
545,2.5455132345086895e-05,2.5455132345086895e-05,99004,1.7691493034362793
546,2.5455132345086895e-05,2.5455132345086895e-05,99231,1.7728095054626465
547,2.5455132345086895e-05,2.5455132345086895e-05,99459,1.7769014835357666
548,2.5455132345086895e-05,2.5455132345086895e-05,99679,1.7808282375335693
549,2.5455132345086895e-05,2.5455132345086895e-05,99903,1.7843317985534668
550,2.5455132345086895e-05,2.5455132345086895e-05,100133,1.788384199142456
551,2.5455132345086895e-05,2.5455132345086895e-05,100367,1.7921652793884277
552,2.5455132345086895e-05,2.5455132345086895e-05,100592,1.7958016395568848
553,2.5455132345086895e-05,2.5455132345086895e-05,100825,1.7995693683624268
554,2.5455132345086895e-05,2.5455132345086895e-05,101052,1.8032891750335693
555,2.5455132345086895e-05,2.5455132345086895e-05,101280,1.8071436882019043
556,2.5455132345086895e-05,2.5455132345086895e-05,101506,1.8108317852020264
557,2.5455132345086895e-05,2.5455132345086895e-05,101734,1.8145544528961182
558,2.5455132345086895e-05,2.5455132345086895e-05,101957,1.8184566497802734
559,2.5455132345086895e-05,2.5455132345086895e-05,102183,1.822094202041626
560,2.5455132345086895e-05,2.5455132345086895e-05,102410,1.825629472732544
561,2.5455132345086895e-05,2.5455132345086895e-05,102638,1.8293006420135498
562,2.5455132345086895e-05,2.5455132345086895e-05,102865,1.8330895900726318
563,2.5455132345086895e-05,2.5455132345086895e-05,103097,1.8367788791656494
564,2.5455132345086895e-05,2.5455132345086895e-05,103327,1.840527057647705
565,2.5455132345086895e-05,2.5455132345086895e-05,103556,1.8442468643188477
566,2.5455132345086895e-05,2.5455132345086895e-05,103780,1.8478827476501465
567,2.5455132345086895e-05,2.5455132345086895e-05,104006,1.8515205383300781
568,2.5455132345086895e-05,2.5455132345086895e-05,104226,1.8553767204284668
569,2.5455132345086895e-05,2.5455132345086895e-05,104455,1.859297752380371
570,2.5455132345086895e-05,2.5455132345086895e-05,104679,1.862828254699707
571,2.5455132345086895e-05,2.5455132345086895e-05,104908,1.8664875030517578
572,2.5455132345086895e-05,2.5455132345086895e-05,105134,1.8704259395599365
573,2.5455132345086895e-05,2.5455132345086895e-05,105362,1.873997688293457
574,2.5455132345086895e-05,2.5455132345086895e-05,105590,1.8775887489318848
575,2.5455132345086895e-05,2.5455132345086895e-05,105816,1.8812954425811768
576,2.5455132345086895e-05,2.5455132345086895e-05,106045,1.885009765625
577,2.5455132345086895e-05,2.5455132345086895e-05,106268,1.8886618614196777
578,2.5455132345086895e-05,2.5455132345086895e-05,106498,1.892479658126831
579,2.5455132345086895e-05,2.5455132345086895e-05,106722,1.8961491584777832
580,2.5455132345086895e-05,2.5455132345086895e-05,106949,1.8998932838439941
581,2.5455132345086895e-05,2.5455132345086895e-05,107173,1.9035122394561768
582,2.5455132345086895e-05,2.5455132345086895e-05,107400,1.907402753829956
583,2.5455132345086895e-05,2.5455132345086895e-05,107628,1.9110305309295654
584,2.5455132345086895e-05,2.5455132345086895e-05,107855,1.91463041305542
585,2.5455132345086895e-05,2.5455132345086895e-05,108083,1.9183340072631836
586,2.5455132345086895e-05,2.5455132345086895e-05,108308,1.9221394062042236
587,2.5455132345086895e-05,2.5455132345086895e-05,108537,1.9258298873901367
588,2.5455132345086895e-05,2.5455132345086895e-05,108762,1.9294781684875488
589,2.5455132345086895e-05,2.5455132345086895e-05,108982,1.9330644607543945
590,2.5455132345086895e-05,2.5455132345086895e-05,109213,1.936992883682251
591,2.5455132345086895e-05,2.5455132345086895e-05,109449,1.9407036304473877
592,2.5455132345086895e-05,2.5455132345086895e-05,109674,1.9444787502288818
593,2.5455132345086895e-05,2.5455132345086895e-05,109898,1.9481761455535889
594,2.5455132345086895e-05,2.5455132345086895e-05,110122,1.9517643451690674
595,2.5455132345086895e-05,2.5455132345086895e-05,110351,1.9554295539855957
596,2.5455132345086895e-05,2.5455132345086895e-05,110579,1.9594652652740479
597,2.5455132345086895e-05,2.5455132345086895e-05,110803,1.9632327556610107
598,2.5455132345086895e-05,2.5455132345086895e-05,111031,1.9668972492218018
599,2.5455132345086895e-05,2.5455132345086895e-05,111257,1.9705300331115723
600,2.5455132345086895e-05,2.5455132345086895e-05,111490,1.9743797779083252
601,2.5455132345086895e-05,2.5455132345086895e-05,111716,1.9780802726745605
602,2.5455132345086895e-05,2.5455132345086895e-05,111940,1.9816644191741943
603,2.5455132345086895e-05,2.5455132345086895e-05,112169,1.9853754043579102
604,2.5455132345086895e-05,2.5455132345086895e-05,112400,1.9891431331634521
605,2.5455132345086895e-05,2.5455132345086895e-05,112630,1.9929590225219727
606,2.5455132345086895e-05,2.5455132345086895e-05,112861,1.9965782165527344
607,2.5455132345086895e-05,2.5455132345086895e-05,113087,2.000321626663208
608,2.5455132345086895e-05,2.5455132345086895e-05,113313,2.0040125846862793
609,2.5455132345086895e-05,2.5455132345086895e-05,113543,2.0076777935028076
610,2.5455132345086895e-05,2.5455132345086895e-05,113771,2.011343479156494
611,2.5455132345086895e-05,2.5455132345086895e-05,114002,2.015089750289917
612,2.5455132345086895e-05,2.5455132345086895e-05,114227,2.0190234184265137
613,2.5455132345086895e-05,2.5455132345086895e-05,114455,2.0226588249206543
614,2.5455132345086895e-05,2.5455132345086895e-05,114677,2.0266060829162598
615,2.5455132345086895e-05,2.5455132345086895e-05,114905,2.03029203414917
616,2.5455132345086895e-05,2.5455132345086895e-05,115134,2.0339596271514893
617,2.5455132345086895e-05,2.5455132345086895e-05,115365,2.037663221359253
618,2.5455132345086895e-05,2.5455132345086895e-05,115595,2.041440010070801
619,2.5455132345086895e-05,2.5455132345086895e-05,115825,2.0452256202697754
620,2.5455132345086895e-05,2.5455132345086895e-05,116054,2.0489680767059326
621,2.5455132345086895e-05,2.5455132345086895e-05,116286,2.052706003189087
622,2.5455132345086895e-05,2.5455132345086895e-05,116506,2.056285858154297
623,2.5455132345086895e-05,2.5455132345086895e-05,116731,2.059904098510742
624,2.5455132345086895e-05,2.5455132345086895e-05,116963,2.0635716915130615
625,2.5455132345086895e-05,2.5455132345086895e-05,117189,2.067218542098999
626,2.5455132345086895e-05,2.5455132345086895e-05,117416,2.07073974609375
627,2.5455132345086895e-05,2.5455132345086895e-05,117642,2.0743789672851562
628,2.5455132345086895e-05,2.5455132345086895e-05,117873,2.078054666519165
629,2.5455132345086895e-05,2.5455132345086895e-05,118097,2.0816495418548584
630,2.5455132345086895e-05,2.5455132345086895e-05,118325,2.085366725921631
631,2.5455132345086895e-05,2.5455132345086895e-05,118556,2.0891149044036865
632,2.5455132345086895e-05,2.5455132345086895e-05,118780,2.0927863121032715
633,2.5455132345086895e-05,2.5455132345086895e-05,119006,2.096552848815918
634,2.5455132345086895e-05,2.5455132345086895e-05,119234,2.1001675128936768
635,2.5455132345086895e-05,2.5455132345086895e-05,119463,2.1040923595428467
636,2.5455132345086895e-05,2.5455132345086895e-05,119691,2.108079433441162
637,2.5455132345086895e-05,2.5455132345086895e-05,119920,2.1118345260620117
638,2.5455132345086895e-05,2.5455132345086895e-05,120147,2.1154658794403076
639,2.5455132345086895e-05,2.5455132345086895e-05,120373,2.119274139404297
640,2.5455132345086895e-05,2.5455132345086895e-05,120602,2.1228277683258057
641,2.5455132345086895e-05,2.5455132345086895e-05,120835,2.1263909339904785
642,2.5455132345086895e-05,2.5455132345086895e-05,121057,2.1300501823425293
643,2.5455132345086895e-05,2.5455132345086895e-05,121282,2.1337339878082275
644,2.5455132345086895e-05,2.5455132345086895e-05,121512,2.1373867988586426
645,2.5455132345086895e-05,2.5455132345086895e-05,121738,2.1410772800445557
646,2.5455132345086895e-05,2.5455132345086895e-05,121968,2.144779920578003
647,2.5455132345086895e-05,2.5455132345086895e-05,122196,2.148608922958374
648,2.5455132345086895e-05,2.5455132345086895e-05,122422,2.1523048877716064
649,2.5455132345086895e-05,2.5455132345086895e-05,122641,2.1561102867126465
650,2.5455132345086895e-05,2.5455132345086895e-05,122869,2.1597843170166016
651,2.5455132345086895e-05,2.5455132345086895e-05,123093,2.1634185314178467
652,2.5455132345086895e-05,2.5455132345086895e-05,123317,2.1671102046966553
653,2.5455132345086895e-05,2.5455132345086895e-05,123551,2.1707513332366943
654,2.5455132345086895e-05,2.5455132345086895e-05,123777,2.1746928691864014
655,2.5455132345086895e-05,2.5455132345086895e-05,124009,2.1784415245056152
656,2.5455132345086895e-05,2.5455132345086895e-05,124237,2.1820712089538574
657,2.5455132345086895e-05,2.5455132345086895e-05,124467,2.185751438140869
658,2.5455132345086895e-05,2.5455132345086895e-05,124697,2.189653158187866
659,2.5455132345086895e-05,2.5455132345086895e-05,124927,2.1933555603027344
660,2.5455132345086895e-05,2.5455132345086895e-05,125156,2.1972358226776123
661,2.5455132345086895e-05,2.5455132345086895e-05,125380,2.200763463973999
662,2.5455132345086895e-05,2.5455132345086895e-05,125609,2.2050650119781494
663,2.5455132345086895e-05,2.5455132345086895e-05,125838,2.2088565826416016
664,2.5455132345086895e-05,2.5455132345086895e-05,126062,2.2126152515411377
665,2.5455132345086895e-05,2.5455132345086895e-05,126289,2.2164173126220703
666,2.5455132345086895e-05,2.5455132345086895e-05,126518,2.2201318740844727
667,2.5455132345086895e-05,2.5455132345086895e-05,126741,2.223907947540283
668,2.5455132345086895e-05,2.5455132345086895e-05,126971,2.227579116821289
669,2.5455132345086895e-05,2.5455132345086895e-05,127198,2.2313084602355957
670,2.5455132345086895e-05,2.5455132345086895e-05,127422,2.2352116107940674
671,2.5455132345086895e-05,2.5455132345086895e-05,127652,2.2391161918640137
672,2.5455132345086895e-05,2.5455132345086895e-05,127878,2.2428276538848877
673,2.5455132345086895e-05,2.5455132345086895e-05,128104,2.2465932369232178
674,2.5455132345086895e-05,2.5455132345086895e-05,128330,2.2502105236053467
675,2.5455132345086895e-05,2.5455132345086895e-05,128554,2.25394606590271
676,2.5455132345086895e-05,2.5455132345086895e-05,128783,2.2577965259552
677,2.5455132345086895e-05,2.5455132345086895e-05,129006,2.2614781856536865
678,2.5455132345086895e-05,2.5455132345086895e-05,129239,2.2654592990875244
679,2.5455132345086895e-05,2.5455132345086895e-05,129461,2.2690348625183105
680,2.5455132345086895e-05,2.5455132345086895e-05,129692,2.2727315425872803
681,2.5455132345086895e-05,2.5455132345086895e-05,129919,2.2765166759490967
682,2.5455132345086895e-05,2.5455132345086895e-05,130141,2.280128002166748
683,2.5455132345086895e-05,2.5455132345086895e-05,130370,2.2838354110717773
684,2.5455132345086895e-05,2.5455132345086895e-05,130598,2.2875802516937256
685,2.5455132345086895e-05,2.5455132345086895e-05,130824,2.291118621826172
686,2.5455132345086895e-05,2.5455132345086895e-05,131047,2.2948200702667236
687,2.5455132345086895e-05,2.5455132345086895e-05,131269,2.298560619354248
688,2.5455132345086895e-05,2.5455132345086895e-05,131493,2.3022685050964355
689,2.5455132345086895e-05,2.5455132345086895e-05,131715,2.305838108062744
690,2.5455132345086895e-05,2.5455132345086895e-05,131943,2.3093483448028564
691,2.5455132345086895e-05,2.5455132345086895e-05,132160,2.3128373622894287
692,2.5455132345086895e-05,2.5455132345086895e-05,132384,2.3167169094085693
693,2.5455132345086895e-05,2.5455132345086895e-05,132609,2.320441484451294
694,2.5455132345086895e-05,2.5455132345086895e-05,132833,2.324051856994629
695,2.5455132345086895e-05,2.5455132345086895e-05,133059,2.3279643058776855
696,2.5455132345086895e-05,2.5455132345086895e-05,133276,2.331529378890991
697,2.5455132345086895e-05,2.5455132345086895e-05,133496,2.3351149559020996
698,2.5455132345086895e-05,2.5455132345086895e-05,133716,2.338829278945923
699,2.5455132345086895e-05,2.5455132345086895e-05,133942,2.3424501419067383
700,2.5455132345086895e-05,2.5455132345086895e-05,134168,2.346269130706787
701,2.5455132345086895e-05,2.5455132345086895e-05,134395,2.3499090671539307
702,2.5455132345086895e-05,2.5455132345086895e-05,134621,2.3535664081573486
703,2.5455132345086895e-05,2.5455132345086895e-05,134839,2.3572826385498047
704,2.5455132345086895e-05,2.5455132345086895e-05,135066,2.361278772354126
705,2.5455132345086895e-05,2.5455132345086895e-05,135295,2.365128517150879
706,2.5455132345086895e-05,2.5455132345086895e-05,135521,2.36896014213562
707,2.5455132345086895e-05,2.5455132345086895e-05,135748,2.372709035873413
708,2.5455132345086895e-05,2.5455132345086895e-05,135975,2.3763160705566406
709,2.5455132345086895e-05,2.5455132345086895e-05,136203,2.3800814151763916
710,2.5455132345086895e-05,2.5455132345086895e-05,136427,2.3837273120880127
711,2.5455132345086895e-05,2.5455132345086895e-05,136659,2.3876149654388428
712,2.5455132345086895e-05,2.5455132345086895e-05,136880,2.391261100769043
713,2.5455132345086895e-05,2.5455132345086895e-05,137103,2.394854784011841
714,2.5455132345086895e-05,2.5455132345086895e-05,137324,2.398517608642578
715,2.5455132345086895e-05,2.5455132345086895e-05,137547,2.4021403789520264
716,2.5455132345086895e-05,2.5455132345086895e-05,137774,2.405750274658203
717,2.5455132345086895e-05,2.5455132345086895e-05,138008,2.4093592166900635
718,2.5455132345086895e-05,2.5455132345086895e-05,138232,2.412837028503418
719,2.5455132345086895e-05,2.5455132345086895e-05,138463,2.4167068004608154
720,2.5455132345086895e-05,2.5455132345086895e-05,138688,2.420496940612793
721,2.5455132345086895e-05,2.5455132345086895e-05,138919,2.424207925796509
722,2.5455132345086895e-05,2.5455132345086895e-05,139146,2.427929162979126
723,2.5455132345086895e-05,2.5455132345086895e-05,139367,2.431643009185791
724,2.5455132345086895e-05,2.5455132345086895e-05,139598,2.4354307651519775
725,2.5455132345086895e-05,2.5455132345086895e-05,139824,2.439316511154175
726,2.5455132345086895e-05,2.5455132345086895e-05,140050,2.4429712295532227
727,2.5455132345086895e-05,2.5455132345086895e-05,140276,2.446498155593872
728,2.5455132345086895e-05,2.5455132345086895e-05,140502,2.4501500129699707
729,2.5455132345086895e-05,2.5455132345086895e-05,140730,2.4538817405700684
730,2.5455132345086895e-05,2.5455132345086895e-05,140956,2.4578895568847656
731,2.5455132345086895e-05,2.5455132345086895e-05,141175,2.4614968299865723
732,2.5455132345086895e-05,2.5455132345086895e-05,141402,2.4651856422424316
733,2.5455132345086895e-05,2.5455132345086895e-05,141631,2.469010591506958
734,2.5455132345086895e-05,2.5455132345086895e-05,141862,2.472720146179199
735,2.5455132345086895e-05,2.5455132345086895e-05,142089,2.4763917922973633
736,2.5455132345086895e-05,2.5455132345086895e-05,142318,2.4799654483795166
737,2.5455132345086895e-05,2.5455132345086895e-05,142544,2.48362135887146
738,2.5455132345086895e-05,2.5455132345086895e-05,142768,2.4873061180114746
739,2.5455132345086895e-05,2.5455132345086895e-05,142993,2.4908528327941895
740,2.5455132345086895e-05,2.5455132345086895e-05,143213,2.4945919513702393
741,2.5455132345086895e-05,2.5455132345086895e-05,143435,2.4980709552764893
742,2.5455132345086895e-05,2.5455132345086895e-05,143664,2.501610040664673
743,2.5455132345086895e-05,2.5455132345086895e-05,143892,2.5055625438690186
744,2.5455132345086895e-05,2.5455132345086895e-05,144120,2.5092506408691406
745,2.5455132345086895e-05,2.5455132345086895e-05,144340,2.512928009033203
746,2.5455132345086895e-05,2.5455132345086895e-05,144565,2.517024517059326
747,2.5455132345086895e-05,2.5455132345086895e-05,144792,2.5207974910736084
748,2.5455132345086895e-05,2.5455132345086895e-05,145019,2.524592399597168
749,2.5455132345086895e-05,2.5455132345086895e-05,145247,2.528573989868164
750,2.5455132345086895e-05,2.5455132345086895e-05,145473,2.5321712493896484
751,2.5455132345086895e-05,2.5455132345086895e-05,145697,2.53594970703125
752,2.5455132345086895e-05,2.5455132345086895e-05,145924,2.539639711380005
753,2.5455132345086895e-05,2.5455132345086895e-05,146150,2.5434536933898926
754,2.5455132345086895e-05,2.5455132345086895e-05,146370,2.547267436981201
755,2.5455132345086895e-05,2.5455132345086895e-05,146589,2.5508220195770264
756,2.5455132345086895e-05,2.5455132345086895e-05,146806,2.5544090270996094
757,2.5455132345086895e-05,2.5455132345086895e-05,147027,2.55820369720459
758,2.5455132345086895e-05,2.5455132345086895e-05,147252,2.5619771480560303
759,2.5455132345086895e-05,2.5455132345086895e-05,147479,2.565640687942505
760,2.5455132345086895e-05,2.5455132345086895e-05,147702,2.569295883178711
761,2.5455132345086895e-05,2.5455132345086895e-05,147925,2.5729856491088867
762,2.5455132345086895e-05,2.5455132345086895e-05,148146,2.5768418312072754
763,2.5455132345086895e-05,2.5455132345086895e-05,148373,2.5805141925811768
764,2.5455132345086895e-05,2.5455132345086895e-05,148598,2.58415150642395
765,2.5455132345086895e-05,2.5455132345086895e-05,148829,2.5878841876983643
766,2.5455132345086895e-05,2.5455132345086895e-05,149052,2.591460704803467
767,2.5455132345086895e-05,2.5455132345086895e-05,149280,2.5954225063323975
768,2.5455132345086895e-05,2.5455132345086895e-05,149508,2.5991251468658447
769,2.5455132345086895e-05,2.5455132345086895e-05,149725,2.6029129028320312
770,2.5455132345086895e-05,2.5455132345086895e-05,149947,2.606666326522827
771,2.5455132345086895e-05,2.5455132345086895e-05,150171,2.610370635986328
772,2.5455132345086895e-05,2.5455132345086895e-05,150399,2.614109992980957
773,2.5455132345086895e-05,2.5455132345086895e-05,150632,2.617784261703491
774,2.5455132345086895e-05,2.5455132345086895e-05,150854,2.621641159057617
775,2.5455132345086895e-05,2.5455132345086895e-05,151078,2.6253292560577393
776,2.5455132345086895e-05,2.5455132345086895e-05,151303,2.6291284561157227
777,2.5455132345086895e-05,2.5455132345086895e-05,151527,2.6327362060546875
778,2.5455132345086895e-05,2.5455132345086895e-05,151754,2.636382579803467
779,2.5455132345086895e-05,2.5455132345086895e-05,151981,2.6401524543762207
780,2.5455132345086895e-05,2.5455132345086895e-05,152197,2.6438512802124023
781,2.5455132345086895e-05,2.5455132345086895e-05,152419,2.6477549076080322
782,2.5455132345086895e-05,2.5455132345086895e-05,152646,2.651432752609253
783,2.5455132345086895e-05,2.5455132345086895e-05,152877,2.655170202255249
784,2.5455132345086895e-05,2.5455132345086895e-05,153103,2.658900022506714
785,2.5455132345086895e-05,2.5455132345086895e-05,153328,2.6625661849975586
786,2.5455132345086895e-05,2.5455132345086895e-05,153556,2.6662797927856445
787,2.5455132345086895e-05,2.5455132345086895e-05,153781,2.670121431350708
788,2.5455132345086895e-05,2.5455132345086895e-05,154013,2.6739745140075684
789,2.5455132345086895e-05,2.5455132345086895e-05,154232,2.6775918006896973
790,2.5455132345086895e-05,2.5455132345086895e-05,154460,2.681288242340088
791,2.5455132345086895e-05,2.5455132345086895e-05,154676,2.685037136077881
792,2.5455132345086895e-05,2.5455132345086895e-05,154899,2.6887006759643555
793,2.5455132345086895e-05,2.5455132345086895e-05,155125,2.692235231399536
794,2.5455132345086895e-05,2.5455132345086895e-05,155346,2.6958489418029785
795,2.5455132345086895e-05,2.5455132345086895e-05,155574,2.6996068954467773
796,2.5455132345086895e-05,2.5455132345086895e-05,155808,2.7034988403320312
797,2.5455132345086895e-05,2.5455132345086895e-05,156035,2.707315683364868
798,2.5455132345086895e-05,2.5455132345086895e-05,156257,2.7110538482666016
799,2.5455132345086895e-05,2.5455132345086895e-05,156482,2.7146825790405273
800,2.5455132345086895e-05,2.5455132345086895e-05,156710,2.7185513973236084
801,2.5455132345086895e-05,2.5455132345086895e-05,156941,2.7222700119018555
802,2.5455132345086895e-05,2.5455132345086895e-05,157170,2.726020574569702
803,2.5455132345086895e-05,2.5455132345086895e-05,157392,2.730031967163086
804,2.5455132345086895e-05,2.5455132345086895e-05,157623,2.733816146850586
805,2.5455132345086895e-05,2.5455132345086895e-05,157848,2.7376515865325928
806,2.5455132345086895e-05,2.5455132345086895e-05,158071,2.7413628101348877
807,2.5455132345086895e-05,2.5455132345086895e-05,158301,2.745213031768799
808,2.5455132345086895e-05,2.5455132345086895e-05,158526,2.748884677886963
809,2.5455132345086895e-05,2.5455132345086895e-05,158754,2.7525570392608643
810,2.5455132345086895e-05,2.5455132345086895e-05,158982,2.756277084350586
811,2.5455132345086895e-05,2.5455132345086895e-05,159203,2.7599680423736572
812,2.5455132345086895e-05,2.5455132345086895e-05,159427,2.7636168003082275
813,2.5455132345086895e-05,2.5455132345086895e-05,159654,2.767319440841675
814,2.5455132345086895e-05,2.5455132345086895e-05,159883,2.7711589336395264
815,2.5455132345086895e-05,2.5455132345086895e-05,160108,2.775113105773926
816,2.5455132345086895e-05,2.5455132345086895e-05,160333,2.778968334197998
817,2.5455132345086895e-05,2.5455132345086895e-05,160556,2.7828245162963867
818,2.5455132345086895e-05,2.5455132345086895e-05,160782,2.786792039871216
819,2.5455132345086895e-05,2.5455132345086895e-05,161000,2.790353298187256
820,2.5455132345086895e-05,2.5455132345086895e-05,161224,2.7940878868103027
821,2.5455132345086895e-05,2.5455132345086895e-05,161452,2.797995090484619
822,2.5455132345086895e-05,2.5455132345086895e-05,161671,2.801625967025757
823,2.5455132345086895e-05,2.5455132345086895e-05,161900,2.8057799339294434
824,2.5455132345086895e-05,2.5455132345086895e-05,162123,2.809598445892334
825,2.5455132345086895e-05,2.5455132345086895e-05,162352,2.813328504562378
826,2.5455132345086895e-05,2.5455132345086895e-05,162576,2.817074775695801
827,2.5455132345086895e-05,2.5455132345086895e-05,162797,2.8206937313079834
828,2.5455132345086895e-05,2.5455132345086895e-05,163021,2.824361562728882
829,2.5455132345086895e-05,2.5455132345086895e-05,163250,2.8282225131988525
830,2.5455132345086895e-05,2.5455132345086895e-05,163479,2.832033395767212
831,2.5455132345086895e-05,2.5455132345086895e-05,163706,2.8358490467071533
832,2.5455132345086895e-05,2.5455132345086895e-05,163931,2.8397059440612793
833,2.5455132345086895e-05,2.5455132345086895e-05,164159,2.843371868133545
834,2.5455132345086895e-05,2.5455132345086895e-05,164381,2.8471460342407227
835,2.5455132345086895e-05,2.5455132345086895e-05,164603,2.8508145809173584
836,2.5455132345086895e-05,2.5455132345086895e-05,164833,2.8545737266540527
837,2.5455132345086895e-05,2.5455132345086895e-05,165056,2.8582546710968018
838,2.5455132345086895e-05,2.5455132345086895e-05,165284,2.8619468212127686
839,2.5455132345086895e-05,2.5455132345086895e-05,165505,2.8657021522521973
840,2.5455132345086895e-05,2.5455132345086895e-05,165731,2.869377851486206
841,2.5455132345086895e-05,2.5455132345086895e-05,165956,2.8729124069213867
842,2.5455132345086895e-05,2.5455132345086895e-05,166185,2.876727819442749
843,2.5455132345086895e-05,2.5455132345086895e-05,166413,2.880444288253784
844,2.5455132345086895e-05,2.5455132345086895e-05,166641,2.8841960430145264
845,2.5455132345086895e-05,2.5455132345086895e-05,166865,2.8881633281707764
846,2.5455132345086895e-05,2.5455132345086895e-05,167093,2.891904830932617
847,2.5455132345086895e-05,2.5455132345086895e-05,167316,2.8955459594726562
848,2.5455132345086895e-05,2.5455132345086895e-05,167535,2.8990237712860107
849,2.5455132345086895e-05,2.5455132345086895e-05,167750,2.902498722076416
850,2.5455132345086895e-05,2.5455132345086895e-05,167976,2.906132221221924
851,2.5455132345086895e-05,2.5455132345086895e-05,168201,2.9099295139312744
852,2.5455132345086895e-05,2.5455132345086895e-05,168426,2.91349458694458
853,2.5455132345086895e-05,2.5455132345086895e-05,168652,2.917348861694336
854,2.5455132345086895e-05,2.5455132345086895e-05,168876,2.920952558517456
855,2.5455132345086895e-05,2.5455132345086895e-05,169105,2.924607515335083
856,2.5455132345086895e-05,2.5455132345086895e-05,169329,2.9283673763275146
857,2.5455132345086895e-05,2.5455132345086895e-05,169551,2.9318177700042725
858,2.5455132345086895e-05,2.5455132345086895e-05,169779,2.9356048107147217
859,2.5455132345086895e-05,2.5455132345086895e-05,170004,2.939267158508301
860,2.5455132345086895e-05,2.5455132345086895e-05,170229,2.942941904067993
861,2.5455132345086895e-05,2.5455132345086895e-05,170457,2.9466593265533447
862,2.5455132345086895e-05,2.5455132345086895e-05,170680,2.9503135681152344
863,2.5455132345086895e-05,2.5455132345086895e-05,170902,2.9541280269622803
864,2.5455132345086895e-05,2.5455132345086895e-05,171126,2.957747459411621
865,2.5455132345086895e-05,2.5455132345086895e-05,171353,2.9615318775177
866,2.5455132345086895e-05,2.5455132345086895e-05,171583,2.965336799621582
867,2.5455132345086895e-05,2.5455132345086895e-05,171809,2.9688382148742676
868,2.5455132345086895e-05,2.5455132345086895e-05,172033,2.97248911857605
869,2.5455132345086895e-05,2.5455132345086895e-05,172261,2.9760735034942627
870,2.5455132345086895e-05,2.5455132345086895e-05,172490,2.979724168777466
871,2.5455132345086895e-05,2.5455132345086895e-05,172712,2.983339548110962
872,2.5455132345086895e-05,2.5455132345086895e-05,172941,2.987086296081543
873,2.5455132345086895e-05,2.5455132345086895e-05,173162,2.990882635116577
874,2.5455132345086895e-05,2.5455132345086895e-05,173384,2.994534492492676
875,2.5455132345086895e-05,2.5455132345086895e-05,173609,2.9981327056884766
876,2.5455132345086895e-05,2.5455132345086895e-05,173831,3.0016751289367676
877,2.5455132345086895e-05,2.5455132345086895e-05,174056,3.0053491592407227
878,2.5455132345086895e-05,2.5455132345086895e-05,174287,3.009106159210205
879,2.5455132345086895e-05,2.5455132345086895e-05,174516,3.0129621028900146
880,2.5455132345086895e-05,2.5455132345086895e-05,174741,3.0167784690856934
881,2.5455132345086895e-05,2.5455132345086895e-05,174967,3.0203354358673096
882,2.5455132345086895e-05,2.5455132345086895e-05,175199,3.023883819580078
883,2.5455132345086895e-05,2.5455132345086895e-05,175425,3.0276851654052734
884,2.5455132345086895e-05,2.5455132345086895e-05,175649,3.031291961669922
885,2.5455132345086895e-05,2.5455132345086895e-05,175875,3.0347936153411865
886,2.5455132345086895e-05,2.5455132345086895e-05,176099,3.0384368896484375
887,2.5455132345086895e-05,2.5455132345086895e-05,176326,3.042018413543701
888,2.5455132345086895e-05,2.5455132345086895e-05,176552,3.0457170009613037
889,2.5455132345086895e-05,2.5455132345086895e-05,176773,3.049306631088257
890,2.5455132345086895e-05,2.5455132345086895e-05,177003,3.05320405960083
891,2.5455132345086895e-05,2.5455132345086895e-05,177227,3.0570642948150635
892,2.5455132345086895e-05,2.5455132345086895e-05,177454,3.0606582164764404
893,2.5455132345086895e-05,2.5455132345086895e-05,177685,3.064269781112671
894,2.5455132345086895e-05,2.5455132345086895e-05,177901,3.0680599212646484
895,2.5455132345086895e-05,2.5455132345086895e-05,178130,3.071805715560913
896,2.5455132345086895e-05,2.5455132345086895e-05,178349,3.0752439498901367
897,2.5455132345086895e-05,2.5455132345086895e-05,178569,3.0790131092071533
898,2.5455132345086895e-05,2.5455132345086895e-05,178794,3.0826120376586914
899,2.5455132345086895e-05,2.5455132345086895e-05,179020,3.086428165435791
900,2.5455132345086895e-05,2.5455132345086895e-05,179251,3.0900909900665283
901,2.5455132345086895e-05,2.5455132345086895e-05,179480,3.093825340270996
902,2.5455132345086895e-05,2.5455132345086895e-05,179707,3.097720146179199
903,2.5455132345086895e-05,2.5455132345086895e-05,179935,3.101564407348633
904,2.5455132345086895e-05,2.5455132345086895e-05,180151,3.1051735877990723
905,2.5455132345086895e-05,2.5455132345086895e-05,180378,3.109013795852661
906,2.5455132345086895e-05,2.5455132345086895e-05,180601,3.1125600337982178
907,2.5455132345086895e-05,2.5455132345086895e-05,180821,3.1161866188049316
908,2.5455132345086895e-05,2.5455132345086895e-05,181047,3.119873523712158
909,2.5455132345086895e-05,2.5455132345086895e-05,181266,3.1233346462249756
910,2.5455132345086895e-05,2.5455132345086895e-05,181484,3.126915454864502
911,2.5455132345086895e-05,2.5455132345086895e-05,181698,3.1305441856384277
912,2.5455132345086895e-05,2.5455132345086895e-05,181921,3.134228229522705
913,2.5455132345086895e-05,2.5455132345086895e-05,182148,3.1377618312835693
914,2.5455132345086895e-05,2.5455132345086895e-05,182370,3.141458034515381
915,2.5455132345086895e-05,2.5455132345086895e-05,182590,3.144960641860962
916,2.5455132345086895e-05,2.5455132345086895e-05,182812,3.148576021194458
917,2.5455132345086895e-05,2.5455132345086895e-05,183032,3.152299642562866
918,2.5455132345086895e-05,2.5455132345086895e-05,183251,3.155799627304077
919,2.5455132345086895e-05,2.5455132345086895e-05,183478,3.159808397293091
920,2.5455132345086895e-05,2.5455132345086895e-05,183705,3.1633553504943848
921,2.5455132345086895e-05,2.5455132345086895e-05,183928,3.1670496463775635
922,2.5455132345086895e-05,2.5455132345086895e-05,184144,3.1705119609832764
923,2.5455132345086895e-05,2.5455132345086895e-05,184361,3.174133777618408
924,2.5455132345086895e-05,2.5455132345086895e-05,184586,3.1777994632720947
925,2.5455132345086895e-05,2.5455132345086895e-05,184814,3.1816561222076416
926,2.5455132345086895e-05,2.5455132345086895e-05,185036,3.1856443881988525
927,2.5455132345086895e-05,2.5455132345086895e-05,185259,3.1891162395477295
928,2.5455132345086895e-05,2.5455132345086895e-05,185482,3.1927623748779297
929,2.5455132345086895e-05,2.5455132345086895e-05,185704,3.1968066692352295
930,2.5455132345086895e-05,2.5455132345086895e-05,185933,3.2007296085357666
931,2.5455132345086895e-05,2.5455132345086895e-05,186158,3.204418897628784
932,2.5455132345086895e-05,2.5455132345086895e-05,186384,3.208409070968628
933,2.5455132345086895e-05,2.5455132345086895e-05,186607,3.211836338043213
934,2.5455132345086895e-05,2.5455132345086895e-05,186829,3.215705156326294
935,2.5455132345086895e-05,2.5455132345086895e-05,187057,3.219308853149414
936,2.5455132345086895e-05,2.5455132345086895e-05,187278,3.2229807376861572
937,2.5455132345086895e-05,2.5455132345086895e-05,187499,3.226658344268799
938,2.5455132345086895e-05,2.5455132345086895e-05,187719,3.2302873134613037
939,2.5455132345086895e-05,2.5455132345086895e-05,187941,3.233854293823242
940,2.5455132345086895e-05,2.5455132345086895e-05,188168,3.237499475479126
941,2.5455132345086895e-05,2.5455132345086895e-05,188392,3.2411270141601562
942,2.5455132345086895e-05,2.5455132345086895e-05,188616,3.2447032928466797
943,2.5455132345086895e-05,2.5455132345086895e-05,188846,3.2486371994018555
944,2.5455132345086895e-05,2.5455132345086895e-05,189071,3.252359390258789
945,2.5455132345086895e-05,2.5455132345086895e-05,189300,3.256121873855591
946,2.5455132345086895e-05,2.5455132345086895e-05,189525,3.2600066661834717
947,2.5455132345086895e-05,2.5455132345086895e-05,189749,3.263795852661133
948,2.5455132345086895e-05,2.5455132345086895e-05,189966,3.2675604820251465
949,2.5455132345086895e-05,2.5455132345086895e-05,190190,3.2716293334960938
950,2.5455132345086895e-05,2.5455132345086895e-05,190408,3.27539324760437
951,2.5455132345086895e-05,2.5455132345086895e-05,190635,3.2790606021881104
952,2.5455132345086895e-05,2.5455132345086895e-05,190848,3.2826883792877197
953,2.5455132345086895e-05,2.5455132345086895e-05,191074,3.286390542984009
954,2.5455132345086895e-05,2.5455132345086895e-05,191297,3.290062427520752
955,2.5455132345086895e-05,2.5455132345086895e-05,191521,3.293903350830078
956,2.5455132345086895e-05,2.5455132345086895e-05,191745,3.297574758529663
957,2.5455132345086895e-05,2.5455132345086895e-05,191972,3.301363229751587
958,2.5455132345086895e-05,2.5455132345086895e-05,192200,3.30527400970459
959,2.5455132345086895e-05,2.5455132345086895e-05,192421,3.308861255645752
960,2.5455132345086895e-05,2.5455132345086895e-05,192650,3.312561273574829
961,2.5455132345086895e-05,2.5455132345086895e-05,192882,3.3163249492645264
962,2.5455132345086895e-05,2.5455132345086895e-05,193104,3.3200490474700928
963,2.5455132345086895e-05,2.5455132345086895e-05,193329,3.3237311840057373
964,2.5455132345086895e-05,2.5455132345086895e-05,193556,3.3275203704833984
965,2.5455132345086895e-05,2.5455132345086895e-05,193777,3.331010341644287
966,2.5455132345086895e-05,2.5455132345086895e-05,193998,3.334970712661743
967,2.5455132345086895e-05,2.5455132345086895e-05,194220,3.3387606143951416
968,2.5455132345086895e-05,2.5455132345086895e-05,194440,3.3425452709198
969,2.5455132345086895e-05,2.5455132345086895e-05,194658,3.3460800647735596
970,2.5455132345086895e-05,2.5455132345086895e-05,194889,3.3498053550720215
971,2.5455132345086895e-05,2.5455132345086895e-05,195105,3.353332281112671
972,2.5455132345086895e-05,2.5455132345086895e-05,195327,3.3569424152374268
973,2.5455132345086895e-05,2.5455132345086895e-05,195552,3.360584259033203
974,2.5455132345086895e-05,2.5455132345086895e-05,195771,3.3641726970672607
975,2.5455132345086895e-05,2.5455132345086895e-05,195996,3.367906332015991
976,2.5455132345086895e-05,2.5455132345086895e-05,196211,3.3714792728424072
977,2.5455132345086895e-05,2.5455132345086895e-05,196432,3.3750720024108887
978,2.5455132345086895e-05,2.5455132345086895e-05,196653,3.3788692951202393
979,2.5455132345086895e-05,2.5455132345086895e-05,196871,3.38238787651062
980,2.5455132345086895e-05,2.5455132345086895e-05,197091,3.3859448432922363
981,2.5455132345086895e-05,2.5455132345086895e-05,197313,3.389796257019043
982,2.5455132345086895e-05,2.5455132345086895e-05,197535,3.393359661102295
983,2.5455132345086895e-05,2.5455132345086895e-05,197763,3.3971097469329834
984,2.5455132345086895e-05,2.5455132345086895e-05,197989,3.4007253646850586
985,2.5455132345086895e-05,2.5455132345086895e-05,198222,3.404467821121216
986,2.5455132345086895e-05,2.5455132345086895e-05,198438,3.408318042755127
987,2.5455132345086895e-05,2.5455132345086895e-05,198660,3.4121572971343994
988,2.5455132345086895e-05,2.5455132345086895e-05,198886,3.4160051345825195
989,2.5455132345086895e-05,2.5455132345086895e-05,199113,3.4195308685302734
990,2.5455132345086895e-05,2.5455132345086895e-05,199336,3.4231719970703125
991,2.5455132345086895e-05,2.5455132345086895e-05,199562,3.426865816116333
992,2.5455132345086895e-05,2.5455132345086895e-05,199789,3.4305686950683594
993,2.5455132345086895e-05,2.5455132345086895e-05,200012,3.434227228164673
994,2.5455132345086895e-05,2.5455132345086895e-05,200236,3.438084840774536
995,2.5455132345086895e-05,2.5455132345086895e-05,200469,3.441791296005249
996,2.5455132345086895e-05,2.5455132345086895e-05,200686,3.4456112384796143
997,2.5455132345086895e-05,2.5455132345086895e-05,200902,3.4493308067321777
998,2.5455132345086895e-05,2.5455132345086895e-05,201122,3.452944040298462
999,2.5455132345086895e-05,2.5455132345086895e-05,201345,3.4568488597869873
1000,2.5455132345086895e-05,2.5455132345086895e-05,201563,3.46030592918396
