gen,best_fitness,mean_fitness,evals,time_sec
0,0.4445670703286556,0.4873663237939258,68,0.008914470672607422
1,0.4445670703286556,0.48501544906709004,113,0.016736507415771484
2,0.4445670703286556,0.48272176174900416,157,0.02441239356994629
3,0.24430478673832884,0.4522410111341994,201,0.031662702560424805
4,0.14921792425171115,0.4170411215834724,250,0.04023623466491699
5,0.14921792425171115,0.39231450714453997,296,0.04714035987854004
6,0.14921792425171115,0.37436631514998214,339,0.05469322204589844
7,0.10280298206651078,0.29064392596496336,384,0.06229090690612793
8,0.10280298206651078,0.26650364873391796,431,0.0702061653137207
9,0.08520414552387728,0.2686887940200945,478,0.07767653465270996
10,0.08520414552387728,0.1799038366486829,523,0.08497333526611328
11,0.08520414552387728,0.16219258397341493,569,0.09297633171081543
12,0.08520414552387728,0.17366962100735067,616,0.10066843032836914
13,0.035952917569662235,0.13310163863569582,664,0.10882878303527832
14,0.035952917569662235,0.1777118868262845,712,0.11659121513366699
15,0.035952917569662235,0.13045265523289762,760,0.12419557571411133
16,0.035952917569662235,0.14502202339459827,805,0.1310584545135498
17,0.029993684311120317,0.11237990568722296,852,0.13938212394714355
18,0.029993684311120317,0.16805164364613628,902,0.14728498458862305
19,0.012274211736912233,0.1659027137934451,949,0.15471863746643066
20,0.011745012491378604,0.10337069763046187,996,0.16178154945373535
21,0.011745012491378604,0.12472970492763975,1045,0.16922640800476074
22,0.011745012491378604,0.03949036353810541,1090,0.1764366626739502
23,0.011745012491378604,0.13681602428468484,1138,0.18434882164001465
24,0.011745012491378604,0.10426705603758282,1183,0.19170236587524414
25,0.005823713345221304,0.040841759356187904,1229,0.19841337203979492
26,0.005823713345221304,0.0348717203689133,1274,0.20575523376464844
27,0.005823713345221304,0.05407582534270612,1324,0.2128913402557373
28,0.005823713345221304,0.07126077026848396,1368,0.22014617919921875
29,0.005823713345221304,0.059834971806299805,1414,0.22632169723510742
30,0.004097284866359907,0.04586394882262097,1462,0.2342207431793213
31,0.004097284866359907,0.042582441116423675,1508,0.24093341827392578
32,3.9168601662087354e-07,0.0674119934026052,1558,0.24845504760742188
33,3.9168601662087354e-07,0.020240585465175032,1602,0.2554969787597656
34,3.9168601662087354e-07,0.019372223036804515,1648,0.2629683017730713
35,3.9168601662087354e-07,0.03656480655210372,1694,0.26973390579223633
36,3.9168601662087354e-07,0.027761282337015702,1740,0.27756261825561523
37,3.9168601662087354e-07,0.03893668231079743,1790,0.28549861907958984
38,3.9168601662087354e-07,0.05813556945044697,1839,0.2932920455932617
39,3.9168601662087354e-07,0.047795578246574,1883,0.30161404609680176
40,3.9168601662087354e-07,0.013093652191585722,1931,0.3099355697631836
41,3.9168601662087354e-07,0.0012857523989663027,1976,0.3177671432495117
42,3.9168601662087354e-07,0.003329735607021461,2022,0.3245701789855957
43,9.609889500827862e-08,0.0006544248220708676,2067,0.3322412967681885
44,9.609889500827862e-08,0.00040742905088242686,2110,0.3397183418273926
45,9.609889500827862e-08,0.0003727113016725292,2155,0.34713006019592285
46,9.609889500827862e-08,0.0015035414738649362,2201,0.35477662086486816
47,9.097097791732622e-08,0.001502861322294921,2246,0.3620014190673828
48,1.8735519857759897e-08,0.0015026910259064996,2290,0.36870431900024414
49,1.8735519857759897e-08,0.0010687246671410773,2333,0.375885009765625
50,1.0026349639424836e-08,1.7081730716295153e-07,2379,0.38370251655578613
51,1.4224547650876218e-09,1.1399037794790345e-07,2429,0.39248156547546387
52,1.4224547650876218e-09,6.372388095532421e-08,2474,0.3997616767883301
53,4.651957152823627e-10,3.090612346323685e-08,2518,0.40676164627075195
54,4.651957152823627e-10,1.5881108439419477e-08,2562,0.4146084785461426
55,1.6132462032913963e-10,0.04248948807129638,2607,0.4221007823944092
56,1.6132462032913963e-10,7.183126185528188e-09,2650,0.4285914897918701
57,1.6132462032913963e-10,0.025513371048114387,2696,0.4371795654296875
58,8.650796745612865e-11,0.0001041890421671965,2742,0.44509315490722656
59,4.1477377088483536e-11,0.0035015275190096035,2788,0.45336198806762695
60,1.2598921905748739e-11,0.0028148227114202923,2833,0.46088290214538574
61,3.2667202276570606e-12,0.04805102498274487,2877,0.4675254821777344
62,3.2667202276570606e-12,0.002857110450196776,2924,0.47594356536865234
63,3.2667202276570606e-12,4.386753460483561e-11,2972,0.4843471050262451
64,3.2667202276570606e-12,0.0005758970991269236,3021,0.4934697151184082
65,3.2667202276570606e-12,0.03519572545884902,3066,0.5005531311035156
66,2.582156710673189e-12,5.210844820080496e-06,3113,0.5082495212554932
67,5.331290964250002e-13,7.601952400904111e-12,3158,0.51637864112854
68,1.7141843500212417e-13,6.443809374978571e-12,3201,0.5229229927062988
69,1.7141843500212417e-13,2.4994228908781223e-12,3246,0.5305166244506836
70,1.7141843500212417e-13,0.0003236942410754895,3292,0.5378546714782715
71,2.220446049250313e-14,0.0001446023212088421,3337,0.5452783107757568
72,2.220446049250313e-15,0.028533844047762012,3385,0.5526413917541504
73,2.220446049250313e-15,0.028533699788919002,3428,0.5591633319854736
74,1.9984014443252818e-15,4.534150832569139e-14,3472,0.5664842128753662
75,1.9984014443252818e-15,3.5493830097266253e-14,3516,0.5733938217163086
76,1.9984014443252818e-15,2.0805579481475434e-14,3562,0.5814990997314453
77,4.440892098500626e-16,9.703349235223869e-15,3608,0.5896503925323486
78,2.220446049250313e-16,0.05812203224484077,3657,0.5976974964141846
79,2.220446049250313e-16,0.06006932676415906,3703,0.6047306060791016
80,2.220446049250313e-16,0.0037660177511414763,3750,0.6121702194213867
81,2.220446049250313e-16,4.486920278449491e-05,3793,0.6199820041656494
82,0.0,0.01573105416681647,3834,0.6264591217041016
83,0.0,0.03441880905152939,3881,0.6338603496551514
84,0.0,0.04348059888301873,3927,0.6415114402770996
85,0.0,9.7604715731478e-05,3974,0.6489641666412354
86,0.0,0.049990942563606276,4022,0.6563985347747803
87,0.0,0.19471776394625923,4071,0.6636266708374023
88,0.0,0.1496399328935036,4121,0.6710693836212158
89,0.0,0.06786991271105398,4170,0.678821325302124
90,0.0,0.06142061762692537,4216,0.6859006881713867
91,0.0,0.04947434002111456,4259,0.6930794715881348
92,0.0,0.04642911548424941,4305,0.7002346515655518
93,0.0,0.08474306346813883,4353,0.7083740234375
94,0.0,0.0999356873369053,4404,0.7160654067993164
95,0.0,0.04106954768389259,4448,0.7232494354248047
96,0.0,0.06772177710012937,4498,0.7312273979187012
97,0.0,0.07435991309890957,4545,0.7384731769561768
98,0.0,0.06115400430305886,4592,0.7459836006164551
99,0.0,0.08165891532285782,4637,0.7529370784759521
100,0.0,0.11743819436111307,4683,0.760488748550415
101,0.0,0.0915110730927878,4732,0.7680654525756836
102,0.0,0.17974250957668908,4778,0.7755107879638672
103,0.0,0.10150894309686528,4821,0.7822072505950928
104,0.0,0.06827403477305632,4868,0.7889344692230225
105,0.0,0.07463183146945461,4913,0.7960777282714844
106,0.0,0.0026524454985636797,4955,0.8021833896636963
107,0.0,0.046294047245986715,5002,0.8081972599029541
108,0.0,0.09711766176381023,5051,0.8147354125976562
109,0.0,0.10948871630479891,5095,0.8217000961303711
110,0.0,0.03679854997078737,5141,0.8281311988830566
111,0.0,0.1109327725570084,5186,0.8344552516937256
112,0.0,0.07678652735504457,5231,0.8405864238739014
113,0.0,0.0003219395927324148,5272,0.8455367088317871
114,0.0,0.10200084922375323,5317,0.8507146835327148
115,0.0,0.1367960711163917,5364,0.8578433990478516
116,0.0,0.0016212163701447956,5409,0.864006757736206
117,0.0,0.005920542453073252,5453,0.8711600303649902
118,0.0,0.05515094626185017,5499,0.8771083354949951
119,0.0,0.02321959488013756,5544,0.8833742141723633
120,0.0,0.12207706522245329,5592,0.889981746673584
121,0.0,0.05166924484834554,5641,0.8971269130706787
122,0.0,0.1024466655601058,5690,0.9043290615081787
123,0.0,0.12251908809836701,5738,0.9110229015350342
124,0.0,0.058747251927582365,5781,0.9182600975036621
125,0.0,0.05709876992767553,5824,0.9245185852050781
126,0.0,0.026038580926714284,5872,0.9322261810302734
127,0.0,0.023826418011240136,5917,0.9393188953399658
128,0.0,0.10690691183649419,5965,0.945897102355957
129,0.0,0.04998038808103004,6013,0.9542081356048584
130,0.0,0.05209604153522825,6058,0.9613723754882812
131,0.0,4.661565511065169e-05,6103,0.9687075614929199
132,0.0,0.010419909638155386,6150,0.9750978946685791
133,0.0,0.06898317436691992,6198,0.9816014766693115
134,0.0,0.11385850539838419,6243,0.9895992279052734
135,0.0,0.0005978790233734099,6287,0.9956352710723877
136,0.0,0.2125430816144683,6335,1.0008962154388428
137,0.0,0.10695083657634208,6380,1.0080275535583496
138,0.0,0.12971973747395057,6429,1.0145199298858643
139,0.0,0.048526639789212664,6472,1.021286964416504
140,0.0,0.0856469253556152,6514,1.0275325775146484
141,0.0,0.04198315884768876,6559,1.0342483520507812
142,0.0,0.09132063662103665,6606,1.0409965515136719
143,0.0,0.08061904088964097,6652,1.047478437423706
144,0.0,0.07078460884954192,6700,1.0546963214874268
145,0.0,0.07077354830737545,6744,1.060443639755249
146,0.0,0.0025966715442583997,6786,1.0663528442382812
147,0.0,0.0326901654274133,6835,1.0725717544555664
148,0.0,0.07724200850079727,6881,1.0777630805969238
149,0.0,0.004241608933367289,6929,1.0849874019622803
150,0.0,0.008369262372500564,6972,1.089998483657837
151,0.0,0.06502765618413604,7016,1.0968103408813477
152,0.0,0.0015360438363980044,7059,1.1032397747039795
153,0.0,0.04380118549595545,7108,1.110079288482666
154,0.0,0.035001568126812474,7151,1.1150074005126953
155,0.0,0.11457781144858643,7198,1.1205165386199951
156,0.0,0.07075719902257005,7246,1.1264896392822266
157,0.0,0.014465679448661135,7290,1.1330785751342773
158,0.0,0.0896578339799016,7333,1.1389410495758057
159,0.0,0.008773075657703947,7376,1.144993543624878
160,0.0,0.1495025783612593,7423,1.1500589847564697
161,0.0,0.09083439347640129,7468,1.1568026542663574
162,0.0,0.0012341625037077253,7512,1.1625680923461914
163,0.0,0.02853321162748308,7562,1.169954776763916
164,0.0,0.01992602437759972,7607,1.1759648323059082
165,0.0,0.09147544615935935,7653,1.1819844245910645
166,0.0,0.010020708256666417,7698,1.1891505718231201
167,0.0,0.02372978628431334,7743,1.1953566074371338
168,0.0,0.06585320696518884,7790,1.2020046710968018
169,0.0,0.03273092593332353,7836,1.2092468738555908
170,0.0,0.01754409703914509,7879,1.2149014472961426
171,0.0,0.003925014988681674,7922,1.2211337089538574
172,0.0,0.00714423823114925,7971,1.2286171913146973
173,0.0,0.01147397298981355,8016,1.2350852489471436
174,0.0,0.07033690111176642,8063,1.2423210144042969
175,0.0,0.043553940969282764,8112,1.2499256134033203
176,0.0,0.0639810122342554,8156,1.2570037841796875
177,0.0,0.01971260297436573,8201,1.2634811401367188
178,0.0,0.030819801316738154,8247,1.270745038986206
179,0.0,0.04930605643488957,8294,1.2783114910125732
180,0.0,0.0523385161385405,8342,1.285670280456543
181,0.0,0.007908727201069849,8389,1.2940495014190674
182,0.0,0.023751194255715598,8433,1.2996423244476318
183,0.0,0.06420613240324394,8482,1.3076894283294678
184,0.0,2.105001844665555e-07,8527,1.3141374588012695
185,0.0,0.0059063529634674206,8571,1.3208394050598145
186,0.0,0.019317736789200103,8616,1.3277435302734375
187,0.0,0.13605361132187882,8664,1.3348896503448486
188,0.0,0.06362465897259828,8711,1.3425452709197998
189,0.0,0.061455774505818794,8760,1.3507575988769531
190,0.0,4.83261112099731e-08,8803,1.357208490371704
191,0.0,1.0505623911255535e-05,8850,1.365142583847046
192,0.0,0.03200946985360916,8898,1.372615098953247
193,0.0,0.014591903792475233,8943,1.379410743713379
194,0.0,0.014006320615843384,8987,1.3869457244873047
195,0.0,1.9517424510895333e-06,9034,1.3942859172821045
196,0.0,4.65400041754771e-08,9079,1.4020946025848389
197,0.0,0.036800647811323195,9126,1.4098210334777832
198,0.0,0.004019469702018044,9175,1.4179658889770508
199,0.0,6.7723604502134545e-16,9221,1.4256927967071533
200,0.0,0.002202886823080252,9266,1.4326426982879639
201,0.0,0.0022028868230800414,9311,1.440075159072876
202,0.0,0.017431084993064973,9358,1.4470067024230957
203,0.0,0.04752266065660715,9404,1.4542596340179443
204,0.0,0.04798679439629798,9451,1.4613862037658691
205,0.0,0.06773030483743589,9499,1.46809983253479
206,0.0,0.06509560914402612,9546,1.4755425453186035
207,0.0,0.052677155152647384,9589,1.4812324047088623
208,0.0,0.002384517858348445,9634,1.4863440990447998
209,0.0,0.10559035402733716,9682,1.4930989742279053
210,0.0,0.10443798900089787,9732,1.5002551078796387
211,0.0,0.13443008636082382,9781,1.5071041584014893
212,0.0,0.08555160264485753,9825,1.5144529342651367
213,0.0,0.08804801994334024,9873,1.5212159156799316
214,0.0,0.08899264015156289,9916,1.5269627571105957
215,0.0,0.05348902289238948,9959,1.5329921245574951
216,0.0,0.10440394971320299,10008,1.5397050380706787
217,0.0,0.07425786814529331,10056,1.5466585159301758
218,0.0,0.10144990362551623,10104,1.5538074970245361
219,0.0,0.12343852307058714,10149,1.5607190132141113
220,0.0,0.041048982657542796,10195,1.567784309387207
221,0.0,0.06260142732840686,10242,1.574507236480713
222,0.0,0.0620444105681794,10288,1.581012487411499
223,0.0,0.019907899665747415,10334,1.5882782936096191
224,0.0,0.04779552784627424,10379,1.594376564025879
225,0.0,0.09403722026282349,10426,1.6011335849761963
226,0.0,0.16952055545124395,10472,1.60793137550354
227,0.0,0.07023917092786594,10520,1.6151211261749268
228,0.0,0.00880450699352284,10566,1.6213469505310059
229,0.0,0.05300486312334416,10612,1.6283929347991943
230,0.0,0.025362223239620774,10661,1.6363804340362549
231,0.0,0.05123792493855356,10708,1.6432600021362305
232,0.0,0.015654135206651366,10757,1.6512484550476074
233,0.0,0.10080491813210231,10804,1.6583778858184814
234,0.0,0.07369117582263013,10848,1.6655750274658203
235,0.0,0.06507524231801443,10894,1.6727585792541504
236,0.0,0.0519833420863017,10943,1.6797785758972168
237,0.0,0.13688824483519785,10991,1.686316967010498
238,0.0,1.2219652133715897e-05,11031,1.6931450366973877
239,0.0,0.0651537656955286,11081,1.6996946334838867
240,0.0,0.045385528372842654,11127,1.706695318222046
241,0.0,0.0037482448772865272,11172,1.7137815952301025
242,0.0,0.043918742591719996,11222,1.721292495727539
243,0.0,0.0009388196024271656,11267,1.7281789779663086
244,0.0,0.055292548568556754,11315,1.7357800006866455
245,0.0,0.01995727891656057,11363,1.743359088897705
246,0.0,0.016771432959654733,11409,1.7501606941223145
247,0.0,0.0008697887913129726,11452,1.757704496383667
248,0.0,0.002081065924193179,11496,1.7636573314666748
249,0.0,0.08691376662921808,11543,1.7692909240722656
250,0.0,0.04812391744207012,11587,1.7758848667144775
251,0.0,0.08875230772918427,11633,1.78173828125
252,0.0,0.09829590753872484,11676,1.7876238822937012
253,0.0,0.0667925249550613,11720,1.7932534217834473
254,0.0,0.09756170622755618,11764,1.7987523078918457
255,0.0,0.10331101329940606,11813,1.8050024509429932
256,0.0,0.1219143461272815,11861,1.811788558959961
257,0.0,0.06559021810805732,11907,1.8189969062805176
258,0.0,0.04994473429853384,11951,1.825310230255127
259,0.0,0.04935123465183587,11999,1.831455945968628
260,0.0,5.381647783513077e-05,12046,1.8384497165679932
261,0.0,0.13984811097883482,12094,1.8451080322265625
262,0.0,0.09693189675175577,12139,1.8513920307159424
263,0.0,0.04990824012347006,12186,1.858504056930542
264,0.0,0.03825614660557273,12234,1.865065097808838
265,0.0,0.04542882003248464,12280,1.8719215393066406
266,0.0,0.09988340993002454,12322,1.8776013851165771
267,0.0,0.0696399211062156,12369,1.8840217590332031
268,0.0,0.03016447316405757,12416,1.8916287422180176
269,0.0,0.015180150943151088,12466,1.8996052742004395
270,0.0,0.016726303239459315,12511,1.906048059463501
271,0.0,0.042349712834205265,12559,1.9131765365600586
272,0.0,0.05948598601042634,12602,1.9190964698791504
273,0.0,0.0809463163675297,12650,1.9259629249572754
274,0.0,0.11379074036488848,12695,1.9322757720947266
275,0.0,0.11669324026627619,12737,1.9384956359863281
276,0.0,0.1194275024178959,12785,1.9448955059051514
277,0.0,0.08973816950965449,12831,1.9515342712402344
278,0.0,0.048220603784514066,12875,1.957134485244751
279,0.0,0.05022956677722119,12920,1.964446783065796
280,0.0,0.12138503611899402,12964,1.9704034328460693
281,0.0,0.09279734102508656,13008,1.9771692752838135
282,0.0,0.030949119021410555,13051,1.9833016395568848
283,0.0,0.1316737438909484,13096,1.98972749710083
284,0.0,0.06250841854248065,13137,1.9955904483795166
285,0.0,0.08135818882609061,13186,2.0028867721557617
286,0.0,0.05391130938932909,13232,2.0095479488372803
287,0.0,0.02208340280184932,13276,2.0152955055236816
288,0.0,0.0005843750522094321,13321,2.022861957550049
289,0.0,0.10911376642504336,13372,2.0306179523468018
290,0.0,0.009388156073983989,13416,2.0359582901000977
291,0.0,0.07925109372141756,13463,2.042396306991577
292,0.0,0.08329448876704496,13510,2.0494697093963623
293,0.0,0.04476703644392449,13557,2.0565948486328125
294,0.0,0.18554256186674234,13603,2.062105655670166
295,0.0,0.013423649230058473,13655,2.069520950317383
296,0.0,0.008046712538697664,13699,2.0760581493377686
297,0.0,0.1154320818905126,13746,2.082882881164551
298,0.0,0.09187182761377721,13793,2.0907371044158936
299,0.0,0.07590128797892037,13838,2.097761392593384
300,0.0,0.03861913873504223,13883,2.104449510574341
301,0.0,0.08800203565363354,13930,2.1117637157440186
302,0.0,0.05401811674359096,13976,2.117863893508911
303,0.0,0.04992763633831957,14020,2.1243839263916016
304,0.0,0.009701460311483528,14064,2.129070997238159
305,0.0,0.009835744488914796,14106,2.13491153717041
306,0.0,0.106902894922054,14157,2.142641305923462
307,0.0,0.09615730875050227,14205,2.149625301361084
308,0.0,0.13544688075416192,14254,2.1557729244232178
309,0.0,0.04471496927746452,14300,2.1632132530212402
310,0.0,0.008662643469868192,14342,2.1693458557128906
311,0.0,0.011447560045289499,14390,2.177853584289551
312,0.0,0.08844071999729354,14439,2.186190128326416
313,0.0,0.15546553977333938,14488,2.19338059425354
314,0.0,0.06597120690071391,14537,2.200554132461548
315,0.0,0.07501672280422622,14583,2.2069225311279297
316,0.0,0.0007623690842739394,14627,2.214080572128296
317,0.0,0.021147602934495975,14673,2.2217586040496826
318,0.0,0.005462691162478819,14720,2.2291345596313477
319,0.0,0.07786149853336587,14768,2.235706090927124
320,0.0,0.08018011823647166,14815,2.2435944080352783
321,0.0,0.011330444151418834,14862,2.2509217262268066
322,0.0,0.01750388585185566,14905,2.258106231689453
323,0.0,0.0073970956998796,14952,2.2647762298583984
324,0.0,0.017575539958700932,14997,2.271352767944336
325,0.0,0.12674615963256647,15046,2.278146743774414
326,0.0,0.03637319308471278,15091,2.2843754291534424
327,0.0,0.0749670871302508,15137,2.291614055633545
328,0.0,0.042628215139115556,15183,2.2976460456848145
329,0.0,0.1272842948447793,15230,2.3042972087860107
330,0.0,0.15552240344336904,15277,2.3107309341430664
331,0.0,0.006929340972834172,15320,2.317089796066284
332,0.0,0.004689370144788471,15365,2.323610305786133
333,0.0,0.11562159387737328,15412,2.3302714824676514
334,0.0,1.8206930446129642e-06,15456,2.3370361328125
335,0.0,0.010961933137029775,15503,2.343407392501831
336,0.0,0.0076047159609656636,15553,2.350719451904297
337,0.0,0.0017390332922630342,15597,2.357724666595459
338,0.0,0.045078270678024425,15643,2.363893508911133
339,0.0,0.049527462300606305,15688,2.3702080249786377
340,0.0,0.027568034174748263,15737,2.378082513809204
341,0.0,0.06792556005027435,15782,2.3834714889526367
342,0.0,0.08399938777964673,15829,2.3904311656951904
343,0.0,0.05873645684340906,15874,2.3962433338165283
344,0.0,0.01748636328320241,15918,2.4031424522399902
345,0.0,0.002230638575475727,15963,2.4100239276885986
346,0.0,0.018197082262558808,16010,2.4163880348205566
347,0.0,0.05110661997779355,16057,2.422553062438965
348,0.0,0.09533435844714092,16106,2.4292895793914795
349,0.0,0.03915745375051225,16150,2.435959815979004
350,0.0,2.665791241808213e-05,16194,2.4423983097076416
351,0.0,0.0753291815869536,16239,2.44918155670166
352,0.0,0.049849486074908536,16283,2.4553568363189697
353,0.0,0.08823769130850152,16328,2.462399959564209
354,0.0,0.0500679155992713,16373,2.4696881771087646
355,0.0,0.0065023160840881385,16419,2.476011037826538
356,0.0,0.06411902715410897,16463,2.48089861869812
357,0.0,0.05553006045575108,16508,2.4862208366394043
358,0.0,0.06581284475084244,16551,2.490731954574585
359,0.0,0.15959885765521314,16597,2.495622396469116
360,0.0,0.12252690919222631,16641,2.5010147094726562
361,0.0,0.11243859133344528,16688,2.5074799060821533
362,0.0,0.11380490216041954,16734,2.5127453804016113
363,0.0,0.04681504215088409,16779,2.5186116695404053
364,0.0,0.00436285321631783,16824,2.5251564979553223
365,0.0,0.07853154058266591,16873,2.531032085418701
366,0.0,0.1136230054046706,16919,2.5368103981018066
367,0.0,0.010556134819606693,16966,2.5442070960998535
368,0.0,0.0015598836943557098,17009,2.5504276752471924
369,0.0,0.047905734577885536,17055,2.55757999420166
370,0.0,0.08243596111890764,17099,2.5643625259399414
371,0.0,0.12122770898339952,17145,2.570598840713501
372,0.0,0.1501593536800767,17196,2.578169584274292
373,0.0,0.097126655645154,17245,2.5859198570251465
374,0.0,0.004387372992582331,17288,2.5902929306030273
375,0.0,0.0139471450461578,17333,2.596311092376709
376,0.0,0.05944207054159022,17382,2.6028623580932617
377,0.0,0.1093431429561044,17431,2.609947919845581
378,0.0,0.03138973018151388,17480,2.6176912784576416
379,0.0,0.15817918362623948,17529,2.6251447200775146
380,0.0,0.08265642254646163,17576,2.63220477104187
381,0.0,0.08628403134319546,17623,2.6387293338775635
382,0.0,0.007560898273121075,17669,2.6461293697357178
383,0.0,0.02017146385149125,17714,2.6528613567352295
384,0.0,0.010022132344111673,17760,2.6604390144348145
385,0.0,9.797205902967176e-07,17803,2.6658730506896973
386,0.0,0.0017256214310355123,17847,2.673275947570801
387,0.0,1.3662661327715208e-05,17891,2.6793627738952637
388,0.0,0.028968324892650686,17941,2.6862831115722656
389,0.0,0.1409022861686553,17988,2.6926755905151367
390,0.0,0.012559370948027221,18032,2.6986238956451416
391,0.0,0.048273853405072606,18080,2.7067651748657227
392,0.0,0.06122843539313216,18131,2.7145957946777344
393,0.0,0.029735071590950755,18178,2.722113847732544
394,0.0,0.16674031309331944,18229,2.7293801307678223
395,0.0,0.05505239964939079,18273,2.7377452850341797
396,0.0,0.019878448456920324,18317,2.744600772857666
397,0.0,0.02301555414904396,18363,2.7516515254974365
398,0.0,0.04538679255193802,18406,2.757899761199951
399,0.0,0.0345914527948454,18452,2.765450954437256
400,0.0,0.03609643764979725,18498,2.7719886302948
401,0.0,0.08105282671305371,18546,2.7785801887512207
402,0.0,0.029428270552733855,18595,2.7858622074127197
403,0.0,0.0002466517454290468,18637,2.792069435119629
404,0.0,0.00024657527733729366,18681,2.798778533935547
405,0.0,0.05680944876447265,18728,2.805351972579956
406,0.0,0.1251398848488247,18777,2.812483310699463
407,0.0,0.1252169565220324,18821,2.818523406982422
408,0.0,0.06873686031611263,18865,2.82399582862854
409,0.0,0.07795651789924835,18910,2.8298726081848145
410,0.0,0.09329250821909833,18954,2.836513042449951
411,0.0,0.0008928935257249526,18997,2.842416524887085
412,0.0,0.020913181650123975,19045,2.8489036560058594
413,0.0,0.07686152376748698,19089,2.854807138442993
414,0.0,0.08151981920737375,19134,2.8612165451049805
415,0.0,0.049609345431196945,19176,2.8672947883605957
416,0.0,0.023388600118024797,19222,2.8724725246429443
417,0.0,0.03449222522137356,19268,2.8775174617767334
418,0.0,0.026567647580323796,19312,2.8834733963012695
419,0.0,0.0030962852976768986,19357,2.890409469604492
420,0.0,0.08009288490816484,19405,2.896573543548584
421,0.0,0.04505506575808406,19451,2.9036359786987305
422,0.0,0.11846440235257649,19498,2.9101271629333496
423,0.0,0.028250080446266018,19542,2.9158992767333984
424,0.0,0.08436368202262647,19589,2.922950029373169
425,0.0,0.03082621309238954,19634,2.9297993183135986
426,0.0,0.05444198212416647,19682,2.9368152618408203
427,0.0,0.08872170640075647,19727,2.9422903060913086
428,0.0,0.05481617042847449,19773,2.9496166706085205
429,0.0,0.030136988545723754,19815,2.957380533218384
430,0.0,0.06930264938204281,19865,2.9651312828063965
431,0.0,0.045788644477188625,19915,2.9722211360931396
432,0.0,0.041428777157379706,19961,2.9787425994873047
433,0.0,0.02233141101352016,20007,2.985621452331543
434,0.0,1.5700690888742486e-06,20054,2.9927382469177246
435,0.0,0.06853129793929064,20104,3.000375270843506
436,0.0,0.010935249290888297,20147,3.006441593170166
437,0.0,0.08468374107880595,20194,3.0141043663024902
438,0.0,0.06927842970599847,20240,3.0209646224975586
439,0.0,0.1369314796847808,20291,3.028961420059204
440,0.0,0.0952524568197882,20341,3.0367789268493652
441,0.0,0.043033484380908406,20387,3.044343948364258
442,0.0,0.042779170111133066,20432,3.0518414974212646
443,0.0,0.006251471064534514,20482,3.0600054264068604
444,0.0,0.016823031194386336,20529,3.067382574081421
445,0.0,0.015073626136821575,20576,3.074725866317749
446,0.0,2.553991052026139e-05,20621,3.0815463066101074
447,0.0,0.017520179948212568,20668,3.08845591545105
448,0.0,3.061505237100803e-08,20716,3.0963165760040283
449,0.0,0.13436224778053613,20766,3.1019790172576904
450,0.0,0.06769484744593297,20812,3.1093482971191406
451,0.0,0.04002552351372237,20853,3.1150336265563965
452,0.0,4.615512884331707e-07,20896,3.120828866958618
453,0.0,0.08754657223638969,20941,3.125661849975586
454,0.0,0.14720280246998962,20992,3.13322377204895
455,0.0,0.07940408452067883,21038,3.1399335861206055
456,0.0,0.005831220858488357,21080,3.1457326412200928
457,0.0,0.026830231354884448,21126,3.1520800590515137
458,0.0,0.024847734841635435,21168,3.156705856323242
459,0.0,0.036435833763680266,21214,3.1625444889068604
460,0.0,0.17227201117868832,21263,3.168715000152588
461,0.0,0.16028974089852843,21306,3.175300359725952
462,0.0,0.07111297960626083,21352,3.1814732551574707
463,0.0,0.14293615972591805,21399,3.1884570121765137
464,0.0,0.018288320355506624,21442,3.194363594055176
465,0.0,0.059870121045846346,21487,3.2007203102111816
466,0.0,0.08353742244601005,21531,3.206861972808838
467,0.0,0.053228915962363586,21576,3.2131922245025635
468,0.0,0.055106807627148924,21621,3.2194015979766846
469,0.0,0.03861300009477201,21666,3.225454330444336
470,0.0,0.044733094482727456,21714,3.232114315032959
471,0.0,5.259137014960169e-05,21757,3.238161087036133
472,0.0,0.02699911063141384,21804,3.2455785274505615
473,0.0,0.1651849353435423,21853,3.251795768737793
474,0.0,0.020034565499121373,21896,3.2588889598846436
475,0.0,0.11886740009583914,21944,3.266188144683838
476,0.0,0.10360207945323745,21993,3.2730610370635986
477,0.0,0.034336857145947024,22039,3.2799103260040283
478,0.0,0.20548218645383926,22092,3.288695812225342
479,0.0,0.05799189346664828,22137,3.2955455780029297
480,0.0,0.06400943323889878,22187,3.3035640716552734
481,0.0,0.01075631568825949,22234,3.311903715133667
482,0.0,0.05900516322012091,22280,3.319199800491333
483,0.0,0.043681573514946115,22328,3.3265998363494873
484,0.0,0.044179182413573916,22375,3.3341829776763916
485,0.0,0.04793662460761741,22421,3.341242551803589
486,0.0,0.0161593618474681,22464,3.3468873500823975
487,0.0,0.02224289338216275,22511,3.3534724712371826
488,0.0,0.05308209888306246,22558,3.3604607582092285
489,0.0,0.00013884450990670204,22602,3.366482973098755
490,0.0,0.0534975007704224,22649,3.373400926589966
491,0.0,0.00024907034609321366,22694,3.380666494369507
492,0.0,0.0018298962360265847,22739,3.387881278991699
493,0.0,0.10388442937848459,22785,3.394231081008911
494,0.0,0.047529313024186004,22829,3.400099754333496
495,0.0,0.01851092795589916,22872,3.406048536300659
496,0.0,0.05672727286187553,22918,3.4125924110412598
497,0.0,0.037428319359143855,22960,3.417300224304199
498,0.0,0.08276836176200396,23007,3.423476219177246
499,0.0,0.004630465540982157,23048,3.4282145500183105
500,0.0,0.12092686938828508,23096,3.4333882331848145
501,0.0,0.10135764546098736,23139,3.4374120235443115
502,0.0,0.07016477253147228,23184,3.4434008598327637
503,0.0,0.08050034733698944,23230,3.4497530460357666
504,0.0,0.13207885572661077,23278,3.456343412399292
505,0.0,0.044182776516073,23320,3.462198257446289
506,0.0,0.13720651133880205,23369,3.4697678089141846
507,0.0,0.09444102106769862,23412,3.47501802444458
508,0.0,0.022489287423404836,23457,3.4809627532958984
509,0.0,0.017715398258020307,23502,3.4860827922821045
510,0.0,0.006271432558364559,23547,3.492675304412842
511,0.0,0.08865905069292768,23592,3.4981472492218018
512,0.0,0.024321257456892467,23638,3.5043582916259766
513,0.0,0.046077653275531094,23682,3.5100810527801514
514,0.0,0.04594464411044955,23726,3.5159780979156494
515,0.0,0.0024350060810792522,23771,3.5223324298858643
516,0.0,0.09148243242131752,23819,3.5298125743865967
517,0.0,0.06936034478079292,23868,3.537454605102539
518,0.0,0.053153097400925664,23911,3.5439646244049072
519,0.0,0.10162604932819277,23958,3.5508980751037598
520,0.0,0.060580059170718015,24002,3.5569682121276855
521,0.0,0.01760618362638006,24044,3.5630784034729004
522,0.0,0.06735287409705047,24092,3.569545269012451
523,0.0,0.0457892657370582,24135,3.5761795043945312
524,0.0,0.10024929693401126,24181,3.5821375846862793
525,0.0,0.06447957406850756,24225,3.586885929107666
526,0.0,0.05307612428782843,24277,3.5946807861328125
527,0.0,0.004672918705830045,24321,3.601006507873535
528,0.0,0.02953533182582434,24364,3.6075439453125
529,0.0,0.04950619904742942,24410,3.613595485687256
530,0.0,0.1412133663897228,24456,3.6196320056915283
531,0.0,0.06132701803685005,24502,3.626863479614258
532,0.0,6.005252186636057e-08,24545,3.6333248615264893
533,0.0,0.027429963865523814,24589,3.6401822566986084
534,0.0,0.06610618641663017,24633,3.644472122192383
535,0.0,0.1002809320636171,24679,3.6502294540405273
536,0.0,0.09594814097558997,24724,3.657106637954712
537,0.0,0.03672052686732685,24768,3.662618398666382
538,0.0,0.07370228800331022,24816,3.6692028045654297
539,0.0,0.10429871799566907,24857,3.6754488945007324
540,0.0,0.08148538305266505,24902,3.6814122200012207
541,0.0,0.05423940453140118,24950,3.6888034343719482
542,0.0,0.03234767548696783,24995,3.695435047149658
543,0.0,0.08378783461835963,25039,3.700863838195801
544,0.0,0.062217568048559366,25082,3.706329107284546
545,0.0,0.04152919890502247,25126,3.710725784301758
546,0.0,0.07767890311432256,25172,3.715646982192993
547,0.0,0.06338279284564141,25216,3.721130132675171
548,0.0,0.11990153594260564,25262,3.725619077682495
549,0.0,0.08350536822737956,25303,3.7304234504699707
550,0.0,0.048785456054953054,25350,3.7363362312316895
551,0.0,0.002155002847876586,25390,3.7410948276519775
552,0.0,0.07457291739147916,25434,3.745469331741333
553,0.0,0.03213744617695554,25477,3.7501111030578613
554,0.0,0.07644371973985027,25521,3.7546298503875732
555,0.0,0.03274400958894784,25564,3.7595319747924805
556,0.0,0.06744265506196817,25610,3.763859272003174
557,0.0,0.10379931034399625,25655,3.769444465637207
558,0.0,0.07617645059590952,25697,3.7740323543548584
559,0.0,0.0010718254239096947,25740,3.7788245677948
560,0.0,0.006826347282081796,25785,3.7842044830322266
561,0.0,0.05371831724371381,25828,3.7897281646728516
562,0.0,0.04622052601743447,25874,3.7952709197998047
563,0.0,0.005265966348264981,25918,3.800947904586792
564,0.0,0.02952808215363679,25963,3.806370973587036
565,0.0,0.0008942485868766725,26005,3.8116257190704346
566,0.0,0.02612670135733875,26050,3.817964553833008
567,0.0,0.1158174746154054,26096,3.822603225708008
568,0.0,0.03931229590659892,26142,3.8285892009735107
569,0.0,0.05162526802108185,26187,3.8351075649261475
570,0.0,0.1369555582360214,26236,3.842001438140869
571,0.0,0.02032820659567131,26281,3.8477354049682617
572,0.0,0.010802839989737873,26324,3.8544650077819824
573,0.0,0.027142119861446184,26373,3.8615975379943848
574,0.0,0.05171089365899526,26415,3.868054151535034
575,0.0,0.04188031383568597,26459,3.874358892440796
576,0.0,0.08959011202723831,26506,3.8810818195343018
577,0.0,0.024546229582448585,26555,3.8878917694091797
578,0.0,0.034911269960094096,26602,3.8941876888275146
579,0.0,0.04873384051213646,26644,3.900756359100342
580,0.0,0.13089706751426733,26687,3.905324697494507
581,0.0,0.11535103624866208,26731,3.9108471870422363
582,0.0,0.03688389289182782,26774,3.91739821434021
583,0.0,0.08402849396065662,26821,3.922250747680664
584,0.0,0.06722911978407234,26871,3.928560495376587
585,0.0,0.0014535448891759145,26911,3.9336771965026855
586,0.0,0.04752307471269314,26958,3.9389584064483643
587,0.0,0.058968877264719076,27002,3.9442660808563232
588,0.0,0.04607909787299809,27050,3.9512939453125
589,0.0,0.03229124839389565,27094,3.9573144912719727
590,0.0,0.0036507545456949757,27140,3.9636635780334473
591,0.0,0.05650774390220581,27185,3.9690699577331543
592,0.0,0.04865678880845966,27227,3.9738008975982666
593,0.0,0.038051071760575615,27273,3.9803967475891113
594,0.0,0.0668217305054712,27324,3.988114356994629
595,0.0,0.044442322222242,27373,3.99514102935791
596,0.0,0.00344549479559024,27417,4.001934766769409
597,0.0,0.0031013335332083364,27460,4.00850510597229
598,0.0,0.07110677683628984,27509,4.016002416610718
599,0.0,0.0018135307446764033,27553,4.022993326187134
600,0.0,0.0016982621093100613,27598,4.030890703201294
601,0.0,0.025696431438024737,27645,4.036941289901733
602,0.0,0.07322385577737704,27691,4.042886018753052
603,0.0,0.04881749766110116,27737,4.048816919326782
604,0.0,0.0008922548316853546,27780,4.054279327392578
605,0.0,0.05259958476210247,27825,4.061744928359985
606,0.0,0.09219469432520329,27873,4.067440032958984
607,0.0,0.07994697852942678,27918,4.073707103729248
608,0.0,0.016782978112693712,27961,4.079010486602783
609,0.0,0.06015603737277749,28007,4.0845935344696045
610,0.0,0.044593336771106766,28052,4.091271877288818
611,0.0,0.03822137635869933,28096,4.096654176712036
612,0.0,0.040907476724969506,28141,4.1011176109313965
613,0.0,0.0805183051397573,28187,4.107673645019531
614,0.0,0.04483561055935449,28233,4.115212678909302
615,0.0,0.08158502637992571,28279,4.12085485458374
616,0.0,0.11826341270986074,28324,4.12700891494751
617,0.0,0.0019341498253339195,28367,4.13388204574585
618,0.0,0.03236221111682737,28410,4.1394383907318115
619,0.0,0.044924484763840186,28453,4.144616365432739
620,0.0,0.056963193358407035,28496,4.149882555007935
621,0.0,0.11434785779954808,28547,4.156116485595703
622,0.0,0.038926895618327705,28593,4.163126468658447
623,0.0,0.012468792872384695,28637,4.168356418609619
624,0.0,0.04845140806684347,28681,4.17507004737854
625,0.0,0.02723487232021448,28725,4.181069612503052
626,0.0,0.000912252130625299,28772,4.188063859939575
627,0.0,0.020254650651837524,28821,4.195403575897217
628,0.0,0.061621339543863285,28866,4.20285964012146
629,0.0,0.06472451370340881,28913,4.209554672241211
630,0.0,0.03573818361174552,28959,4.216590642929077
631,0.0,0.029402475775826397,29003,4.223366022109985
632,0.0,0.15892002301533698,29050,4.231385707855225
633,0.0,0.11937970670742248,29096,4.238384485244751
634,0.0,0.13300479066667345,29143,4.246418714523315
635,0.0,0.06667991939399903,29185,4.252364635467529
636,0.0,0.0526802643129571,29228,4.2586095333099365
637,0.0,0.10442287370463858,29274,4.264861106872559
638,0.0,0.10011443471170736,29322,4.271321058273315
639,0.0,0.07895640930910956,29365,4.278249740600586
640,0.0,0.06337253375701143,29412,4.285853862762451
641,0.0,0.03992067956194314,29457,4.292585372924805
642,0.0,0.007999670209995952,29503,4.301692962646484
643,0.0,0.02880770369946322,29551,4.311134576797485
644,0.0,0.01617964872288771,29598,4.318567991256714
645,0.0,0.053267704784462966,29640,4.32483983039856
646,0.0,0.11046596334352636,29688,4.332387208938599
647,0.0,0.09014605496426573,29737,4.339975118637085
648,0.0,0.056662917897874886,29785,4.348168134689331
649,0.0,0.006715990189644375,29826,4.355321884155273
650,0.0,0.09077230863235597,29870,4.362152099609375
651,0.0,0.08386697055103975,29919,4.36952805519104
652,0.0,0.010600665662147521,29966,4.375957489013672
653,0.0,0.003595557536750915,30011,4.384701490402222
654,0.0,0.0779482932752048,30057,4.3916919231414795
655,0.0,0.0026611854386475427,30101,4.399853706359863
656,0.0,0.07745368245800592,30146,4.406549453735352
657,0.0,0.011326741307725863,30191,4.413289785385132
658,0.0,0.0006170688696203852,30233,4.419782638549805
659,0.0,0.054807555226434976,30279,4.425294876098633
660,0.0,0.026722111178012875,30327,4.432800531387329
661,0.0,0.09083318955785684,30375,4.4399189949035645
662,0.0,0.005485691125565409,30421,4.446493625640869
663,0.0,0.037068481010738216,30464,4.452966928482056
664,0.0,0.016091757021782817,30510,4.460700273513794
665,0.0,0.02325968311345601,30553,4.466678142547607
666,0.0,0.008824708358261333,30597,4.472129583358765
667,0.0,0.0917754298858379,30646,4.479126214981079
668,0.0,0.21190268402640453,30691,4.484311819076538
669,0.0,0.12357147771374306,30740,4.491777181625366
670,0.0,0.07030674129780637,30788,4.49839186668396
671,0.0,0.048600754308954275,30834,4.505528926849365
672,0.0,0.016968579827283285,30882,4.512869596481323
673,0.0,0.002204526951613159,30924,4.519387245178223
674,0.0,0.009715450745303538,30968,4.524285078048706
675,0.0,0.009081033157432394,31011,4.529169797897339
676,0.0,0.03202812624050645,31056,4.53451943397522
677,0.0,0.10804651094869895,31102,4.540672063827515
678,0.0,0.07522181251091418,31147,4.546562433242798
679,0.0,0.04087712544043667,31193,4.553499698638916
680,0.0,0.005144972609537321,31237,4.559443712234497
681,0.0,0.06062466018334674,31280,4.564300775527954
682,0.0,0.14733570402694338,31325,4.5694899559021
683,0.0,0.14065350297945248,31371,4.575479030609131
684,0.0,0.014773707035130975,31415,4.58227801322937
685,0.0,0.0007370644860966197,31459,4.589782476425171
686,0.0,0.09268331189903199,31508,4.596792936325073
687,0.0,0.0799254904095862,31554,4.6039955615997314
688,0.0,0.10144225216142014,31603,4.610883951187134
689,0.0,0.18619747255877514,31652,4.619308948516846
690,0.0,0.13714997761774833,31695,4.6258864402771
691,0.0,0.12692348863728972,31742,4.632711887359619
692,0.0,0.04863504053377293,31787,4.638919830322266
693,0.0,0.19246448788182696,31834,4.645191669464111
694,0.0,0.09170784853545684,31883,4.652745246887207
695,0.0,0.0933889652225295,31928,4.659287452697754
696,0.0,0.09486371863222592,31974,4.666337966918945
697,0.0,0.044292366539686656,32018,4.672939300537109
698,0.0,0.00016499833017012412,32061,4.679922342300415
699,0.0,0.0326343376535778,32105,4.687089920043945
700,0.0,0.05669195574538362,32150,4.693753719329834
701,0.0,0.09457820968728511,32198,4.700667381286621
702,0.0,0.05085240468166892,32248,4.70853066444397
703,0.0,0.0013078894744954217,32292,4.716313362121582
704,0.0,0.004684369263631355,32338,4.722662687301636
705,0.0,0.0026271037508223045,32385,4.730499744415283
706,0.0,0.01314397111393871,32429,4.737162113189697
707,0.0,0.06282009964221766,32476,4.74392557144165
708,0.0,0.05205966832411896,32523,4.75013279914856
709,0.0,0.034534490192668174,32568,4.756755352020264
710,0.0,0.0017441778568324073,32614,4.763944387435913
711,0.0,0.0037369371324294217,32661,4.771299362182617
712,0.0,0.05161761417795015,32707,4.77818751335144
713,0.0,0.01014023016370801,32750,4.7833335399627686
714,0.0,0.005876617167006939,32795,4.789539813995361
715,0.0,0.05562801002476814,32838,4.795143365859985
716,0.0,0.03143783204462039,32881,4.801387071609497
717,0.0,0.05142519155444662,32929,4.80928373336792
718,0.0,0.0011832813294900795,32974,4.81585693359375
719,0.0,0.01893446723131745,33018,4.822017669677734
720,0.0,0.09863708525841099,33062,4.828732013702393
721,0.0,0.05301085758193154,33103,4.833813190460205
722,0.0,0.026405940553022637,33148,4.840104103088379
723,0.0,0.07611190994920401,33193,4.84544825553894
724,0.0,0.11921979155120917,33238,4.850435495376587
725,0.0,0.08203281040135665,33284,4.856338739395142
726,0.0,0.1337685805794312,33329,4.862885236740112
727,0.0,0.06199614516358463,33372,4.867975234985352
728,0.0,0.01585465158152397,33418,4.8732006549835205
729,0.0,0.04235165713846921,33463,4.8796350955963135
730,0.0,0.01974925985192457,33511,4.887145519256592
731,0.0,0.012955970059949102,33552,4.891537666320801
732,0.0,0.07778543941026272,33601,4.898190021514893
733,0.0,0.10491927285979268,33649,4.9062113761901855
734,0.0,0.16125043946022694,33698,4.91310977935791
735,0.0,0.09265918548530339,33745,4.921116828918457
736,0.0,0.08340044785537658,33790,4.9280781745910645
737,0.0,0.01084599105973778,33832,4.933934211730957
738,0.0,0.07876724009454185,33877,4.9407312870025635
739,0.0,0.08092964854647491,33922,4.948160409927368
740,0.0,0.0729609661116964,33970,4.956527471542358
741,0.0,0.02658623522298174,34018,4.965014457702637
742,0.0,0.007042118739633946,34062,4.97210955619812
743,0.0,0.012732599645888654,34112,4.980025291442871
744,0.0,0.010431415345174532,34159,4.986711263656616
745,0.0,0.04787257677599567,34202,4.992536544799805
746,0.0,0.08267878863282777,34245,4.997256517410278
747,0.0,0.004614995413600881,34289,5.004373550415039
748,0.0,0.0009816966072635352,34332,5.011191368103027
749,0.0,0.02260835754684521,34380,5.019743204116821
750,0.0,0.004925699206826134,34428,5.02808403968811
751,0.0,0.0503131525252243,34471,5.034481048583984
752,0.0,0.05052138577566436,34517,5.040579557418823
753,0.0,0.049464213383832674,34562,5.046417474746704
754,0.0,0.04480325104912023,34607,5.052870273590088
755,0.0,0.00021857538486460827,34651,5.058945655822754
756,0.0,0.1319195946103159,34698,5.06434965133667
757,0.0,0.04826383745847895,34744,5.07141637802124
758,0.0,0.04727133532341167,34786,5.077791452407837
759,0.0,0.1198769748777444,34829,5.082878351211548
760,0.0,0.09693891887489776,34876,5.089352607727051
761,0.0,0.17456683223392053,34921,5.0955893993377686
762,0.0,0.11551426269301283,34964,5.10132908821106
763,0.0,0.062136797336633506,35011,5.106994390487671
764,0.0,0.07273420979843719,35058,5.114002227783203
765,0.0,0.029900353257856137,35102,5.120599985122681
766,0.0,0.000170792085451818,35146,5.127423048019409
767,0.0,0.023658008760302128,35192,5.134568691253662
768,0.0,0.10132437913855061,35239,5.141099214553833
769,0.0,0.05197598458336128,35287,5.148736953735352
770,0.0,0.04582898889949203,35332,5.156011581420898
771,0.0,0.0011376235413443569,35376,5.163697242736816
772,0.0,0.04673118793235233,35422,5.1709208488464355
773,0.0,0.004752614585820869,35469,5.17906641960144
774,0.0,0.005749204150324164,35518,5.187447786331177
775,0.0,0.0035234239668371996,35567,5.195587873458862
776,0.0,0.00016710435305779814,35613,5.203279495239258
777,0.0,0.007546106436712016,35659,5.210755109786987
778,0.0,4.801081925859263e-06,35706,5.218498229980469
779,0.0,4.789035310701073e-06,35750,5.226031064987183
780,0.0,0.00029553443918186315,35797,5.234298944473267
781,0.0,4.19428908271513e-11,35841,5.2412402629852295
782,0.0,0.005342736611783272,35887,5.248479843139648
783,0.0,0.0014448872251153016,35931,5.254968643188477
784,0.0,0.018477499174650892,35975,5.261896133422852
785,0.0,4.9404924595819466e-15,36020,5.269205093383789
786,0.0,1.5432100042289676e-15,36064,5.276705026626587
787,0.0,0.04777323629391065,36110,5.284604072570801
788,0.0,0.04777323629391002,36155,5.292257070541382
789,0.0,0.026028740073278923,36200,5.299096345901489
790,0.0,0.004992165406349475,36246,5.3076605796813965
791,0.0,0.06549220911824374,36296,5.314768552780151
792,0.0,0.044714352130529454,36342,5.322389125823975
793,0.0,0.04852474000439745,36389,5.329963207244873
794,0.0,0.010036886794588506,36435,5.336723566055298
795,0.0,0.02464081321615155,36482,5.343963623046875
796,0.0,0.1408504984789215,36531,5.350163698196411
797,0.0,0.0789642304603065,36581,5.3587470054626465
798,0.0,0.07656470493493261,36628,5.366734981536865
799,0.0,0.0786380454405793,36673,5.373329401016235
800,0.0,0.04820088059388933,36721,5.381055116653442
801,0.0,0.06498770359919658,36765,5.387630939483643
802,0.0,0.17416661145235685,36813,5.394310235977173
803,0.0,0.099098035683638,36859,5.401369571685791
804,0.0,0.0621113813656118,36906,5.408481121063232
805,0.0,0.06238057787496563,36953,5.41611909866333
806,0.0,0.05158635059760923,36998,5.421864748001099
807,0.0,0.010718432793818598,37042,5.428246974945068
808,0.0,7.005845765378771e-07,37088,5.435119390487671
809,0.0,0.11811276247999088,37138,5.440877676010132
810,0.0,0.0815034810473173,37186,5.4473090171813965
811,0.0,0.05314659612011935,37234,5.454574108123779
812,0.0,0.08427601364542793,37278,5.460414171218872
813,0.0,0.03142527659855684,37326,5.4676337242126465
814,0.0,0.06423197712427134,37375,5.475459337234497
815,0.0,0.09761394361627107,37422,5.48307204246521
816,0.0,0.031859009981209455,37468,5.489911079406738
817,0.0,0.01257587157944343,37512,5.496424674987793
818,0.0,0.023770787985597768,37560,5.50349760055542
819,0.0,0.07931316263092977,37606,5.509111642837524
820,0.0,0.046154876768159527,37652,5.516566038131714
821,0.0,0.0070431593898360595,37696,5.523959398269653
822,0.0,0.05388447125287891,37745,5.531630992889404
823,0.0,0.04810704162968323,37791,5.539046764373779
824,0.0,0.14547684375390546,37840,5.546766996383667
825,0.0,0.048862760136286,37890,5.55412483215332
826,0.0,7.809430587701893e-07,37931,5.56079626083374
827,0.0,0.0011181925532182419,37979,5.56819748878479
828,0.0,0.012720221202388488,38024,5.574115514755249
829,0.0,0.047168874867676056,38073,5.5808305740356445
830,0.0,0.11060182162464649,38122,5.588435411453247
831,0.0,0.10929106470839059,38166,5.594736814498901
832,0.0,0.028309586439752742,38214,5.601926326751709
833,0.0,0.004653837439731643,38260,5.609676837921143
834,0.0,0.03348937402913675,38305,5.616483688354492
835,0.0,0.05231026174977414,38350,5.623917102813721
836,0.0,0.06680182495335706,38395,5.6331400871276855
837,0.0,0.017794344388234056,38438,5.643537521362305
838,0.0,0.03218236473169438,38481,5.65147066116333
839,0.0,0.12347966393339309,38529,5.6607139110565186
840,0.0,0.0842275708488007,38574,5.66765022277832
841,0.0,0.027592000135675733,38623,5.677012920379639
842,0.0,0.024468675288271045,38666,5.68427038192749
843,0.0,0.05220096376192351,38713,5.690891265869141
844,0.0,0.05350352411843775,38759,5.698315382003784
845,0.0,0.04327250705502174,38805,5.705027341842651
846,0.0,0.011517562788980218,38851,5.71298885345459
847,0.0,0.048704449756350125,38901,5.722015619277954
848,0.0,0.16008135728221967,38949,5.729423522949219
849,0.0,0.007767824567724938,38995,5.736377716064453
850,0.0,0.03253422408469022,39042,5.743612766265869
851,0.0,0.009756536774234395,39087,5.751103401184082
852,0.0,0.06623975699013405,39133,5.75853157043457
853,0.0,0.04493027037887032,39182,5.765427112579346
854,0.0,0.024956603340781203,39223,5.771349906921387
855,0.0,0.03615216829164384,39270,5.778701066970825
856,0.0,0.0012054951855743317,39317,5.7860095500946045
857,0.0,0.0645578560799831,39364,5.792030334472656
858,0.0,0.007170258502616966,39410,5.798841238021851
859,0.0,0.002225658149222606,39458,5.806607246398926
860,0.0,0.003791367817802885,39503,5.812438011169434
861,0.0,0.013584511588345009,39549,5.819284915924072
862,0.0,0.0025588106544021357,39595,5.826601982116699
863,0.0,1.0906037664598634e-06,39641,5.83371376991272
864,0.0,0.013052026659580176,39689,5.841074705123901
865,0.0,0.052892561982087305,39735,5.847508907318115
866,0.0,0.0883426788933924,39781,5.853224992752075
867,0.0,0.049821522684013714,39828,5.859963893890381
868,0.0,0.0574289706240421,39875,5.866711139678955
869,0.0,0.0990875387503519,39919,5.873193025588989
870,0.0,0.09015281148631209,39961,5.878835439682007
871,0.0,0.05790583970477381,40008,5.885498762130737
872,0.0,0.03092113418918772,40054,5.891534090042114
873,0.0,0.0004810326255406505,40099,5.898249864578247
874,0.0,0.035540970909499855,40145,5.903474807739258
875,0.0,0.028500834961112352,40193,5.9107441902160645
876,0.0,0.046000042902544516,40238,5.916745185852051
877,0.0,0.05303384490086184,40285,5.923610210418701
878,0.0,0.06539872162707429,40333,5.931167364120483
879,0.0,0.009844665109762831,40380,5.937863349914551
880,0.0,0.03863389065018394,40425,5.94437837600708
881,0.0,0.06249263959660458,40478,5.953277349472046
882,0.0,0.0667949790992511,40524,5.96092677116394
883,0.0,0.10353804179894777,40570,5.96690559387207
884,0.0,0.0315715114614238,40614,5.9731409549713135
885,0.0,0.10303871619175231,40660,5.979349374771118
886,0.0,0.1006916652023953,40705,5.985065937042236
887,0.0,0.017671166383592802,40754,5.993500232696533
888,0.0,0.037426546701379085,40798,5.999691486358643
889,0.0,0.030702966976088503,40844,6.006384611129761
890,0.0,0.060287395426032765,40891,6.013685703277588
891,0.0,0.04274893164386946,40935,6.019959926605225
892,0.0,0.031511614148981196,40983,6.027566194534302
893,0.0,0.053837969432432,41030,6.035350322723389
894,0.0,0.04997890433782491,41075,6.04284930229187
895,0.0,0.08372254720869847,41120,6.04905891418457
896,0.0,0.020411674246288525,41164,6.055629014968872
897,0.0,0.18789563333778933,41217,6.062566757202148
898,0.0,0.003869474814773524,41264,6.069561958312988
899,0.0,0.07660341015568897,41310,6.076752185821533
900,0.0,0.08244403361670367,41353,6.0832178592681885
901,0.0,0.008794187622157359,41400,6.090768814086914
902,0.0,0.08738252066117885,41449,6.098426580429077
903,0.0,0.11751283177530306,41499,6.105913400650024
904,0.0,0.18799646218567706,41546,6.112026691436768
905,0.0,0.05899439702311291,41594,6.119747638702393
906,0.0,0.10223918025200784,41643,6.126789093017578
907,0.0,0.13055571468967755,41690,6.1338512897491455
908,0.0,0.05607558472287588,41733,6.139661073684692
909,0.0,0.08181162762280281,41778,6.146620988845825
910,0.0,0.08909496782606538,41828,6.154391765594482
911,0.0,0.14015976082448586,41872,6.16040301322937
912,0.0,0.04818026001175645,41920,6.16844367980957
913,0.0,0.044899837692253725,41965,6.176011562347412
914,0.0,0.0010352511309642347,42008,6.182259559631348
915,0.0,0.044955266479020074,42054,6.189223289489746
916,0.0,1.979020323264469e-06,42100,6.1972739696502686
917,0.0,9.805546758917537e-07,42144,6.20384669303894
918,0.0,0.04507160675777751,42191,6.210885763168335
919,0.0,0.08370521748514186,42238,6.217811107635498
920,0.0,7.589237374650003e-09,42282,6.22462010383606
921,0.0,0.0025331006183323484,42326,6.231417894363403
922,0.0,0.01589431052407287,42370,6.237992286682129
923,0.0,0.004313516085863478,42419,6.245113372802734
924,0.0,0.06866921785489855,42468,6.252025604248047
925,0.0,0.04952877442468307,42514,6.258915901184082
926,0.0,0.043608435237711615,42563,6.265842914581299
927,0.0,0.056810061884634125,42611,6.273371458053589
928,0.0,0.11223824688603638,42657,6.2801454067230225
929,0.0,0.049781852810244984,42701,6.285764932632446
930,0.0,0.06316635660064926,42746,6.291778326034546
931,0.0,0.1325662209659777,42795,6.297737121582031
932,0.0,0.0020927710342448363,42839,6.304347276687622
933,0.0,0.07269384005078294,42889,6.3128392696380615
934,0.0,0.13094727006748513,42932,6.318570613861084
935,0.0,0.09853667134579476,42976,6.324907302856445
936,0.0,0.0762040724455119,43022,6.331608772277832
937,0.0,4.099799248102609e-05,43064,6.337235689163208
938,0.0,0.053985687855834574,43111,6.34331488609314
939,0.0,0.18060073203678748,43162,6.350270748138428
940,0.0,0.02976524871861632,43209,6.356256484985352
941,0.0,0.02236049476165438,43252,6.362346410751343
942,0.0,0.02059093860590067,43300,6.369161605834961
943,0.0,0.09761089096892413,43348,6.376069784164429
944,0.0,0.06397609791321981,43395,6.383803129196167
945,0.0,0.052074326451266376,43440,6.390898942947388
946,0.0,0.04397713399655443,43487,6.397134780883789
947,0.0,0.08512386568103983,43534,6.403475761413574
948,0.0,0.08500450170382523,43576,6.409835577011108
949,0.0,0.08193714924071781,43628,6.417223930358887
950,0.0,0.005709124500679943,43670,6.4231836795806885
951,0.0,0.004404573803772419,43718,6.430993318557739
952,0.0,0.07947491985546086,43767,6.438212156295776
953,0.0,0.05421563431186853,43812,6.444300651550293
954,0.0,0.06234877822660641,43861,6.451304197311401
955,0.0,0.03199638709542785,43907,6.458241939544678
956,0.0,0.04102337317899252,43953,6.465125560760498
957,0.0,0.0584722137311293,43997,6.471372842788696
958,0.0,0.04410093620660009,44043,6.477574110031128
959,0.0,0.08718333942431296,44090,6.483462810516357
960,0.0,0.01682268437543538,44136,6.4904961585998535
961,0.0,0.013388462231475103,44186,6.49808406829834
962,0.0,0.008697559241757575,44228,6.505009889602661
963,0.0,0.1594288004016782,44274,6.511609077453613
964,0.0,0.10109157844307164,44318,6.517130613327026
965,0.0,0.06468516033749785,44363,6.524816513061523
966,0.0,0.1243221279928246,44412,6.531874656677246
967,0.0,0.035656517355147146,44458,6.539858341217041
968,0.0,0.08743242034410767,44508,6.547433137893677
969,0.0,0.12286168642166698,44555,6.5546040534973145
970,0.0,0.10630276601871795,44599,6.561211824417114
971,0.0,0.04022825736878003,44648,6.56884241104126
972,0.0,0.08051674284801397,44692,6.575713634490967
973,0.0,0.027951526987887564,44735,6.58144211769104
974,0.0,0.06962779136144107,44782,6.589053630828857
975,0.0,0.04171220472519196,44828,6.594597578048706
976,0.0,0.049744429182715544,44873,6.6013503074646
977,0.0,0.05290835381139748,44918,6.607934236526489
978,0.0,0.04030210168267025,44965,6.615870952606201
979,0.0,0.03800034899792332,45009,6.6226887702941895
980,0.0,0.03469458536012223,45056,6.6294028759002686
981,0.0,0.08019873221348203,45101,6.635660171508789
982,0.0,1.8723605444220804e-06,45145,6.641987085342407
983,0.0,0.03315016436676696,45191,6.648527145385742
984,0.0,0.02049559853400417,45237,6.654957294464111
985,0.0,0.02119677790084471,45285,6.661868572235107
986,0.0,0.05671923177429986,45331,6.668015480041504
987,0.0,0.11929510929471462,45377,6.674627065658569
988,0.0,0.08893203643444451,45422,6.680639982223511
989,0.0,0.047705809457881464,45470,6.688401699066162
990,0.0,0.08789652157211533,45516,6.695681571960449
991,0.0,0.06367026072502571,45563,6.703675031661987
992,0.0,0.1846126337005467,45612,6.710541486740112
993,0.0,0.11938453446859967,45657,6.717041969299316
994,0.0,0.11127416838975368,45704,6.723752975463867
995,0.0,0.0951936689931415,45750,6.73061990737915
996,0.0,0.012683448626775637,45796,6.737813234329224
997,0.0,0.08307013127589222,45844,6.745094299316406
998,0.0,0.051164990374619704,45889,6.751372337341309
999,0.0,0.03955759760446887,45936,6.757893085479736
